"prime_award_disaster_emergency_fund_codes","prime_award_obligated_amount_funded_by_covid_19_supplementals","prime_award_awarding_sub_agency_code","prime_award_awarding_sub_agency_name","prime_award_awarding_office_code","prime_award_awarding_office_name","prime_award_funding_sub_agency_code","prime_award_funding_sub_agency_name","prime_award_funding_office_code","prime_award_funding_office_name","prime_awardee_dba_name","prime_awardee_parent_duns","prime_awardee_parent_name","prime_awardee_business_types","prime_award_primary_place_of_performance_city_name","prime_award_primary_place_of_performance_address_zip_code","prime_award_primary_place_of_performance_congressional_district","prime_award_project_title","subaward_fsrs_report_id","subaward_fsrs_report_year","subaward_fsrs_report_month","subaward_number","subaward_amount","subaward_action_date","subaward_action_date_fiscal_year","subawardee_duns","subawardee_name","subawardee_dba_name","subawardee_parent_duns","subawardee_parent_name","subawardee_address_line_1","subawardee_city_name","subawardee_state_code","subawardee_state_name","subawardee_zip_code","subawardee_congressional_district","subawardee_business_types","subaward_primary_place_of_performance_city_name","subaward_primary_place_of_performance_state_code","subaward_primary_place_of_performance_state_name","subaward_primary_place_of_performance_address_zip_code","subaward_primary_place_of_performance_congressional_district","subaward_description","subawardee_highly_compensated_officer_1_name","subawardee_highly_compensated_officer_1_amount","subawardee_highly_compensated_officer_2_name","subawardee_highly_compensated_officer_2_amount","subawardee_highly_compensated_officer_3_name","subawardee_highly_compensated_officer_3_amount","subawardee_highly_compensated_officer_4_name","subawardee_highly_compensated_officer_4_amount","subawardee_highly_compensated_officer_5_name","subawardee_highly_compensated_officer_5_amount","subaward_fsrs_report_last_modified_date"
NA,NA,"97AE","DEFENSE ADVANCED RESEARCH PROJECTS AGENCY  (DARPA)","HR0011","DEF ADVANCED RESEARCH PROJECTS AGCY","97AE","DEFENSE ADVANCED RESEARCH PROJECTS AGENCY  (DARPA)","HR0011","DEF ADVANCED RESEARCH PROJECTS AGCY","RAYTHEON COMPANY","001344142","RAYTHEON TECHNOLOGIES CORPORATION","For-Profit Organization,Manufacturer of Goods","15090 Tucson, AZ",857569367,"03","HYPERSONIC AIR BREAT","3969f7c16051e43a4663fc4a20da4d12",2021,10,"4201363150",62696821,2016-09-06,2016,"780680976","ALLIANT TECHSYSTEMS OPERATIONS LLC",NA,"967356127","NORTHROP GRUMMAN CORPORATION","55 THIOKOL RD","ELKTON","MD","Maryland","219214755","01","For-Profit Organization,Manufacturer of Goods","ELKTON","MD","Maryland","219214755","01","Detonator&Initiator, Fuselage, Gen Structural Assys, Molded Rubber&O Ring, Non-complex Machined, NRE - Other, Seals, Tech/Eng Services, Wire Cable.",NA,NA,NA,NA,NA,NA,NA,NA,NA,NA,2021-11-16 13:35:00
NA,NA,"97AE","DEFENSE ADVANCED RESEARCH PROJECTS AGENCY  (DARPA)","HR0011","DEF ADVANCED RESEARCH PROJECTS AGCY","97AE","DEFENSE ADVANCED RESEARCH PROJECTS AGENCY  (DARPA)","HR0011","DEF ADVANCED RESEARCH PROJECTS AGCY","RAYTHEON COMPANY","001344142","RAYTHEON TECHNOLOGIES CORPORATION",NA,"15090 Tucson, AZ",857569367,"03","HYPERSONIC AIR BREAT","9cc566b9e1dd74484ffd626aba55c80e",2020,10,"4201363150",60448995,2016-09-06,2016,"780680976","ALLIANT TECHSYSTEMS OPERATIONS LLC",NA,"967356127","NORTHROP GRUMMAN CORPORATION","55 THIOKOL RD","ELKTON","MD","Maryland","219214755","01","For-Profit Organization,Manufacturer of Goods","ELKTON","MD","Maryland","219214755","01","Detonator&Initiator, Fuselage, Gen Structural Assys, Molded Rubber&O Ring, Non-complex Machined, NRE - Other, Seals, Tech/Eng Services, Wire Cable.",NA,NA,NA,NA,NA,NA,NA,NA,NA,NA,2020-11-17 10:56:12
NA,NA,"97AE","DEFENSE ADVANCED RESEARCH PROJECTS AGENCY  (DARPA)","HR0011","DEF ADVANCED RESEARCH PROJECTS AGCY","5700","DEPT OF THE AIR FORCE","F1TBPV","AFRL RWP","RAYTHEON COMPANY","001339159","RAYTHEON COMPANY",NA,"Tucson",857566100,"02","AMS: ADV PROGRAMS","813c30bc44e1bea1e5e1ea73cf917ade",2018,6,"4201363150",6e+07,2016-08-30,2016,"780680976","ALLIANT TECHSYSTEMS OPERATIONS LLC","TACTICAL PROPULSION AND CONTROLS DIVISION","618705925","ORBITAL ATK, INC.","55 THIOKOL RD","ELKTON","MD","Maryland","219214755","01","For-Profit Organization,Manufacturer of Goods","ELKTON","MD","Maryland","219214755","01","Cost Plus Fixed Fee",NA,NA,NA,NA,NA,NA,NA,NA,NA,NA,2018-07-09 19:26:13
NA,NA,"97AE","DEFENSE ADVANCED RESEARCH PROJECTS AGENCY  (DARPA)","HR0011","DEF ADVANCED RESEARCH PROJECTS AGCY","5700","DEPT OF THE AIR FORCE","F4FRQH","AFRL RQH         HIGH SPEED SYS DIV","RAYTHEON COMPANY","001339159","RAYTHEON COMPANY",NA,"Tucson",857566100,"02","AMS: ADV PROGRAMS","52c71e38b04ffded1ad9bbd19d37aa0e",2018,1,"4201363150",48800000,2016-08-30,2016,"780680976","ALLIANT TECHSYSTEMS OPERATIONS LLC","TACTICAL PROPULSION AND CONTROLS DIVISION","618705925","ORBITAL ATK, INC.","55 THIOKOL RD","ELKTON","MD","Maryland","219214755","01","For-Profit Organization,Manufacturer of Goods","ELKTON","MD","Maryland","219214755","01","Cost Plus Fixed Fee",NA,NA,NA,NA,NA,NA,NA,NA,NA,NA,2018-02-15 14:22:36
NA,NA,"97AE","DEFENSE ADVANCED RESEARCH PROJECTS AGENCY  (DARPA)","HR0011","DEF ADVANCED RESEARCH PROJECTS AGCY","97AE","DEFENSE ADVANCED RESEARCH PROJECTS AGENCY  (DARPA)","HR0011","DEF ADVANCED RESEARCH PROJECTS AGCY","RAYTHEON COMPANY","001339159","RAYTHEON COMPANY",NA,"Tucson",857566100,"02","AMS: ADV PROGRAMS","b6539f59e65a9689ac55b644219dadb6",2018,2,"4201363150",48800000,2016-08-30,2016,"780680976","ALLIANT TECHSYSTEMS OPERATIONS LLC","TACTICAL PROPULSION AND CONTROLS DIVISION","618705925","ORBITAL ATK, INC.","55 THIOKOL RD","ELKTON","MD","Maryland","219214755","01","For-Profit Organization,Manufacturer of Goods","ELKTON","MD","Maryland","219214755","01","Cost Plus Fixed Fee",NA,NA,NA,NA,NA,NA,NA,NA,NA,NA,2018-03-26 19:23:55
NA,NA,"97AE","DEFENSE ADVANCED RESEARCH PROJECTS AGENCY  (DARPA)","HR0011","DEF ADVANCED RESEARCH PROJECTS AGCY","97AE","DEFENSE ADVANCED RESEARCH PROJECTS AGENCY  (DARPA)","HR0011","DEF ADVANCED RESEARCH PROJECTS AGCY","RAYTHEON COMPANY","001339159","RAYTHEON COMPANY",NA,"Tucson",857566100,"02","AMS: ADV PROGRAMS","8911e3768865bb0ce8b2acf29575eeb1",2018,3,"4201363150",48800000,2016-08-30,2016,"780680976","ALLIANT TECHSYSTEMS OPERATIONS LLC","TACTICAL PROPULSION AND CONTROLS DIVISION","618705925","ORBITAL ATK, INC.","55 THIOKOL RD","ELKTON","MD","Maryland","219214755","01","For-Profit Organization,Manufacturer of Goods","ELKTON","MD","Maryland","219214755","01","Cost Plus Fixed Fee",NA,NA,NA,NA,NA,NA,NA,NA,NA,NA,2018-04-23 20:03:10
NA,NA,"97AE","DEFENSE ADVANCED RESEARCH PROJECTS AGENCY  (DARPA)","HR0011","DEF ADVANCED RESEARCH PROJECTS AGCY","5700","DEPT OF THE AIR FORCE","F1TBPV","AFRL RWP","RAYTHEON COMPANY","001339159","RAYTHEON COMPANY",NA,"Tucson",857566100,"02","AMS: ADV PROGRAMS","7e300d5b9e9b4dca0d0fbe32d3a22138",2018,11,"4201363150",4.4e+07,2016-08-30,2016,"780680976","ALLIANT TECHSYSTEMS OPERATIONS LLC","TACTICAL PROPULSION AND CONTROLS DIVISION","967356127","NORTHROP GRUMMAN CORPORATION","55 THIOKOL RD","ELKTON","MD","Maryland","219214755","01","For-Profit Organization,Manufacturer of Goods","ELKTON","MD","Maryland","219214755","01","Cost Plus Fixed Fee",NA,NA,NA,NA,NA,NA,NA,NA,NA,NA,2018-12-14 17:39:50
NA,NA,"97AE","DEFENSE ADVANCED RESEARCH PROJECTS AGENCY  (DARPA)","HR0011","DEF ADVANCED RESEARCH PROJECTS AGCY","97AE","DEFENSE ADVANCED RESEARCH PROJECTS AGENCY  (DARPA)","HR0011","DEF ADVANCED RESEARCH PROJECTS AGCY","RAYTHEON COMPANY","001339159","RAYTHEON COMPANY",NA,"Tucson",857566100,"02","AMS: ADV PROGRAMS","8a060156205515e8ffdd6d97796735d6",2017,8,"4201363150",39200000,2016-08-30,2016,"780680976","ALLIANT TECHSYSTEMS OPERATIONS LLC","TACTICAL PROPULSION AND CONTROLS DIVISION","618705925","ORBITAL ATK, INC.","55 THIOKOL RD","ELKTON","MD","Maryland","219214755","01","For-Profit Organization,Manufacturer of Goods","ELKTON","MD","Maryland","219214755","01","Cost Plus Fixed Fee",NA,NA,NA,NA,NA,NA,NA,NA,NA,NA,2017-09-27 14:39:26
NA,NA,"9763","DEFENSE CONTRACT MANAGEMENT AGENCY (DCMA)","S0305A","DCMA RAYTHEON TUCSON","97AE","DEFENSE ADVANCED RESEARCH PROJECTS AGENCY  (DARPA)","HR0011","DEF ADVANCED RESEARCH PROJECTS AGCY","RAYTHEON COMPANY","001339159","RAYTHEON COMPANY",NA,"Tucson",857569367,"03","AMS: ADV PROGRAMS","3f42e973b4518e391d9b610029bbbd7b",2019,5,"4201363150",35100000,2016-08-30,2016,"780680976","ALLIANT TECHSYSTEMS OPERATIONS LLC","TACTICAL PROPULSION AND CONTROLS DIVISION","967356127","NORTHROP GRUMMAN CORPORATION","55 THIOKOL RD","ELKTON","MD","Maryland","219214755","01","For-Profit Organization,Manufacturer of Goods","ELKTON","MD","Maryland","219214755","01","Cost Plus Fixed Fee",NA,NA,NA,NA,NA,NA,NA,NA,NA,NA,2019-06-06 16:36:56
NA,NA,"97AE","DEFENSE ADVANCED RESEARCH PROJECTS AGENCY  (DARPA)","HR0011","DEF ADVANCED RESEARCH PROJECTS AGCY","5700","DEPT OF THE AIR FORCE","F1TBAX","AFRL RW","RAYTHEON COMPANY","001339159","RAYTHEON COMPANY",NA,"Tucson",857566100,"02","AMS: ADV PROGRAMS","3113bab7e9e914995348650434b4ae6a",2019,3,"4201363150",31200000,2016-08-30,2016,"780680976","ALLIANT TECHSYSTEMS OPERATIONS LLC","TACTICAL PROPULSION AND CONTROLS DIVISION","967356127","NORTHROP GRUMMAN CORPORATION","55 THIOKOL RD","ELKTON","MD","Maryland","219214755","01","For-Profit Organization,Manufacturer of Goods","ELKTON","MD","Maryland","219214755","01","Cost Plus Fixed Fee",NA,NA,NA,NA,NA,NA,NA,NA,NA,NA,2019-04-02 20:24:02
NA,NA,"97AE","DEFENSE ADVANCED RESEARCH PROJECTS AGENCY  (DARPA)","HR0011","DEF ADVANCED RESEARCH PROJECTS AGCY","5700","DEPT OF THE AIR FORCE","F4FRQH","AFRL RQH         HIGH SPEED SYS DIV","RAYTHEON COMPANY","001339159","RAYTHEON COMPANY",NA,"Tucson",857566100,"02","AMS: ADV PROGRAMS","f194bdf06296167eafa6e86d4db6e62b",2017,4,"4201363150",22205895,2016-08-30,2016,"780680976","ALLIANT TECHSYSTEMS OPERATIONS LLC","TACTICAL PROPULSION AND CONTROLS DIVISION","618705925","ORBITAL ATK, INC.","55 THIOKOL RD","ELKTON","MD","Maryland","219214755","01","For-Profit Organization,Manufacturer of Goods","ELKTON","MD","Maryland","219214755","01","Cost Plus Fixed Fee",NA,NA,NA,NA,NA,NA,NA,NA,NA,NA,2017-05-31 17:52:00
NA,NA,"97AE","DEFENSE ADVANCED RESEARCH PROJECTS AGENCY  (DARPA)","HR0011","DEF ADVANCED RESEARCH PROJECTS AGCY","5700","DEPT OF THE AIR FORCE","F4FRQH","AFRL RQH         HIGH SPEED SYS DIV","RAYTHEON COMPANY","001339159","RAYTHEON COMPANY",NA,"TUCSON",857566100,"02","AMS: ADV PROGRAMS","1ab3d0998d826d68ea2c956fb1bf989f",2017,5,"4201363150",2.1e+07,2016-08-30,2016,"780680976","ALLIANT TECHSYSTEMS OPERATIONS LLC","TACTICAL PROPULSION AND CONTROLS DIVISION","618705925","ORBITAL ATK, INC.","55 THIOKOL RD","ELKTON","MD","Maryland","219214755","01","For-Profit Organization,Manufacturer of Goods","ELKTON","MD","Maryland","219214755","01","Cost Plus Fixed Fee",NA,NA,NA,NA,NA,NA,NA,NA,NA,NA,2017-06-29 19:58:55
NA,NA,"97AE","DEFENSE ADVANCED RESEARCH PROJECTS AGENCY  (DARPA)","HR0011","DEF ADVANCED RESEARCH PROJECTS AGCY","97AE","DEFENSE ADVANCED RESEARCH PROJECTS AGENCY  (DARPA)","HR0011","DEF ADVANCED RESEARCH PROJECTS AGCY","RAYTHEON COMPANY","001339159","RAYTHEON COMPANY",NA,"Tucson",857566100,"02","AMS: ADV PROGRAMS","3f50a58eb2c670f527a3d35288424bac",2017,11,"4201363150",11200000,2016-08-30,2016,"780680976","ALLIANT TECHSYSTEMS OPERATIONS LLC","TACTICAL PROPULSION AND CONTROLS DIVISION","618705925","ORBITAL ATK, INC.","55 THIOKOL RD","ELKTON","MD","Maryland","219214755","01","For-Profit Organization,Manufacturer of Goods","ELKTON","MD","Maryland","219214755","01","Cost Plus Fixed Fee",NA,NA,NA,NA,NA,NA,NA,NA,NA,NA,2017-12-21 17:06:06
NA,NA,"97AE","DEFENSE ADVANCED RESEARCH PROJECTS AGENCY  (DARPA)","HR0011","DEF ADVANCED RESEARCH PROJECTS AGCY","5700","DEPT OF THE AIR FORCE","F4FRQH","AFRL RQH         HIGH SPEED SYS DIV","RAYTHEON COMPANY","001339159","RAYTHEON COMPANY",NA,"Tucson",857566100,"02","AMS: ADV PROGRAMS","13ffd69aa30a9e255129fa1ff785ecd6",2017,3,"4201363150",8e+06,2016-08-30,2016,"780680976","ALLIANT TECHSYSTEMS OPERATIONS LLC","TACTICAL PROPULSION AND CONTROLS DIVISION",NA,NA,"55 THIOKOL RD","ELKTON","MD","Maryland","219214755","01","For-Profit Organization,Manufacturer of Goods","ELKTON","MD","Maryland","219214755","01","Cost Plus Fixed Fee",NA,NA,NA,NA,NA,NA,NA,NA,NA,NA,2017-04-27 14:28:08
NA,NA,"97AE","DEFENSE ADVANCED RESEARCH PROJECTS AGENCY  (DARPA)","HR0011","DEF ADVANCED RESEARCH PROJECTS AGCY","5700","DEPT OF THE AIR FORCE","F4FRQH","AFRL RQH         HIGH SPEED SYS DIV","RAYTHEON COMPANY","001339159","RAYTHEON COMPANY",NA,"Tucson",857566100,"02","AMS: ADV PROGRAMS; AMS:AAWS","39c95e9cbd4021984f1fc6bed0c7ca0d",2017,2,"4201363150",6e+06,2016-08-30,2016,"780680976","ALLIANT TECHSYSTEMS OPERATIONS LLC","TACTICAL PROPULSION AND CONTROLS DIVISION","618705925","ORBITAL ATK, INC.","55 THIOKOL RD","ELKTON","MD","Maryland","219214755","01","For-Profit Organization,Manufacturer of Goods","ELKTON","MD","Maryland","219214755","01","Cost Plus Fixed Fee",NA,NA,NA,NA,NA,NA,NA,NA,NA,NA,2017-03-30 15:36:30
NA,NA,"97AE","DEFENSE ADVANCED RESEARCH PROJECTS AGENCY  (DARPA)","HR0011","DEF ADVANCED RESEARCH PROJECTS AGCY","97AE","DEFENSE ADVANCED RESEARCH PROJECTS AGENCY  (DARPA)","HR0011","DEF ADVANCED RESEARCH PROJECTS AGCY","RAYTHEON COMPANY","001344142","RAYTHEON TECHNOLOGIES CORPORATION","For-Profit Organization,Manufacturer of Goods","15090 Tucson, AZ",857569367,"03","HYPERSONIC AIR BREAT","3969f7c16051e43a4663fc4a20da4d12",2021,10,"4201464377",4945440,2017-02-28,2017,"803209782","ORBITAL SCIENCES LLC","LAUNCH VEHICLES DIVISION","967356127","NORTHROP GRUMMAN CORPORATION","1575 SOUTH PRICE RD","CHANDLER","AZ","Arizona","852866615","05","For-Profit Organization,Limited Liability Company","CHANDLER","AZ","Arizona","852866615","05","NRE - Other.",NA,NA,NA,NA,NA,NA,NA,NA,NA,NA,2021-11-16 13:35:00
NA,NA,"97AE","DEFENSE ADVANCED RESEARCH PROJECTS AGENCY  (DARPA)","HR0011","DEF ADVANCED RESEARCH PROJECTS AGCY","5700","DEPT OF THE AIR FORCE","F4FRQH","AFRL RQH         HIGH SPEED SYS DIV","RAYTHEON COMPANY","001339159","RAYTHEON COMPANY",NA,"TUCSON",857566100,"02","AMS: ADV PROGRAMS","1ab3d0998d826d68ea2c956fb1bf989f",2017,5,"4201464377",4866781,2017-02-24,2017,"803209782","ORBITAL SCIENCES CORPORATION","LAUNCH VEHICLES DIVISION","618705925","ORBITAL ATK, INC.","3380 S PRICE RD","CHANDLER","AZ","Arizona","852483534","06","For-Profit Organization","CHANDLER","AZ","Arizona","852483534","06","Cost Plus Fixed Fee",NA,NA,NA,NA,NA,NA,NA,NA,NA,NA,2017-06-29 19:58:55
NA,NA,"97AE","DEFENSE ADVANCED RESEARCH PROJECTS AGENCY  (DARPA)","HR0011","DEF ADVANCED RESEARCH PROJECTS AGCY","5700","DEPT OF THE AIR FORCE","F4FRQH","AFRL RQH         HIGH SPEED SYS DIV","RAYTHEON COMPANY","001339159","RAYTHEON COMPANY",NA,"Tucson",857566100,"02","AMS:HYPERSONICS","7161e6d9a5fd5066f638187c81405fc0",2017,1,"4201363150",4e+06,2016-08-30,2016,"780680976","ALLIANT TECHSYSTEMS OPERATIONS LLC","TACTICAL PROPULSION AND CONTROLS DIVISION","618705925","ORBITAL ATK, INC.","55 THIOKOL RD","ELKTON","MD","Maryland","219214755","01","For-Profit Organization,Manufacturer of Goods","ELKTON","MD","Maryland","219214755","01","Cost Plus Fixed Fee",NA,NA,NA,NA,NA,NA,NA,NA,NA,NA,2017-02-28 15:38:32
NA,NA,"97AE","DEFENSE ADVANCED RESEARCH PROJECTS AGENCY  (DARPA)","HR0011","DEF ADVANCED RESEARCH PROJECTS AGCY","5700","DEPT OF THE AIR FORCE","F4FRQH","AFRL RQH         HIGH SPEED SYS DIV","RAYTHEON COMPANY","001339159","RAYTHEON COMPANY",NA,"Tucson",857566100,"02","AMS:HYPERSONICS","7161e6d9a5fd5066f638187c81405fc0",2017,1,"4201399909",3190801,2016-10-27,2017,"803209782","ORBITAL SCIENCES CORPORATION","LAUNCH VEHICLES DIVISION","618705925","ORBITAL ATK, INC.","3380 S PRICE RD","CHANDLER","AZ","Arizona","852483534","06","For-Profit Organization","CHANDLER","AZ","Arizona","852483534","06","Cost Plus Fixed Fee",NA,NA,NA,NA,NA,NA,NA,NA,NA,NA,2017-02-28 15:38:32
NA,NA,"97AE","DEFENSE ADVANCED RESEARCH PROJECTS AGENCY  (DARPA)","HR0011","DEF ADVANCED RESEARCH PROJECTS AGCY","97AE","DEFENSE ADVANCED RESEARCH PROJECTS AGENCY  (DARPA)","HR0011","DEF ADVANCED RESEARCH PROJECTS AGCY","RAYTHEON COMPANY","001344142","RAYTHEON TECHNOLOGIES CORPORATION",NA,"15090 Tucson, AZ",857569367,"03","HYPERSONIC AIR BREAT","9cc566b9e1dd74484ffd626aba55c80e",2020,10,"4201464377",2979529,2017-02-28,2017,"803209782","ORBITAL SCIENCES LLC","LAUNCH VEHICLES DIVISION","967356127","NORTHROP GRUMMAN CORPORATION","1575 SOUTH PRICE RD","CHANDLER","AZ","Arizona","852866615","05","For-Profit Organization,Limited Liability Company","CHANDLER","AZ","Arizona","852866615","05","NRE - Other.",NA,NA,NA,NA,NA,NA,NA,NA,NA,NA,2020-11-17 10:56:12
NA,NA,"97AE","DEFENSE ADVANCED RESEARCH PROJECTS AGENCY  (DARPA)","HR0011","DEF ADVANCED RESEARCH PROJECTS AGCY","5700","DEPT OF THE AIR FORCE","F1TBPV","AFRL RWP","RAYTHEON COMPANY","001339159","RAYTHEON COMPANY",NA,"Tucson",857566100,"02","AMS: ADV PROGRAMS","0aa44d99040d2bd25dfbb456d82a4dd5",2018,4,"4201655621",2657424,2018-01-18,2018,"603030065","JANSEN'S AIRCRAFT SYSTEMS CONTROLS, INC.","JASC",NA,NA,"2303 W ALAMEDA DR","TEMPE","AZ","Arizona","852823102","05","For-Profit Organization,Manufacturer of Goods,Self-Certified Small Disadvantaged Business,Woman-Owned Business","TEMPE","AZ","Arizona","852823102","05","Cost Plus Fixed Fee",NA,NA,NA,NA,NA,NA,NA,NA,NA,NA,2018-05-29 19:33:11
NA,NA,"97AE","DEFENSE ADVANCED RESEARCH PROJECTS AGENCY  (DARPA)","HR0011","DEF ADVANCED RESEARCH PROJECTS AGCY","97AE","DEFENSE ADVANCED RESEARCH PROJECTS AGENCY  (DARPA)","HR0011","DEF ADVANCED RESEARCH PROJECTS AGCY","RAYTHEON COMPANY","001344142","RAYTHEON TECHNOLOGIES CORPORATION","For-Profit Organization,Manufacturer of Goods","15090 Tucson, AZ",857569367,"03","HYPERSONIC AIR BREAT","3969f7c16051e43a4663fc4a20da4d12",2021,10,"4201463579",2356023,2017-03-29,2017,"039119057","ENSIGN-BICKFORD AEROSPACE & DEFENSE COMPANY","EBA&D","058509654","Ensign-Bickford Industries, Inc.","640 HOPMEADOW ST","SIMSBURY","CT","Connecticut","060702420","05","For-Profit Organization,Manufacturer of Goods","SIMSBURY","CT","Connecticut","060702420","05","Detonator&Initiator, NRE - Engineering, NRE - Other, NRE - Qualification, S&A Devices.","Steven  Perkins",971416,"Daniel  Link",597695,"Meryl  Mallery",415647,"Jason  Smith",402322,"Chad  Thompson",388036,2021-11-16 13:35:00
NA,NA,"97AE","DEFENSE ADVANCED RESEARCH PROJECTS AGENCY  (DARPA)","HR0011","DEF ADVANCED RESEARCH PROJECTS AGCY","97AE","DEFENSE ADVANCED RESEARCH PROJECTS AGENCY  (DARPA)","HR0011","DEF ADVANCED RESEARCH PROJECTS AGCY","RAYTHEON COMPANY","001344142","RAYTHEON TECHNOLOGIES CORPORATION",NA,"15090 Tucson, AZ",857569367,"03","HYPERSONIC AIR BREAT","9cc566b9e1dd74484ffd626aba55c80e",2020,10,"4201463579",2356023,2017-03-29,2017,"039119057","ENSIGN-BICKFORD AEROSPACE & DEFENSE COMPANY","EBA&D","058509654","Ensign-Bickford Industries, Inc.","640 HOPMEADOW ST","SIMSBURY","CT","Connecticut","060702420","05","For-Profit Organization,Manufacturer of Goods","SIMSBURY","CT","Connecticut","060702420","05","Detonator&Initiator, NRE - Engineering, NRE - Other, NRE - Qualification, S&A Devices.",NA,NA,NA,NA,NA,NA,NA,NA,NA,NA,2020-11-17 10:56:12
NA,NA,"97AE","DEFENSE ADVANCED RESEARCH PROJECTS AGENCY  (DARPA)","HR0011","DEF ADVANCED RESEARCH PROJECTS AGCY","5700","DEPT OF THE AIR FORCE","F1TBAX","AFRL RW","RAYTHEON COMPANY","001339159","RAYTHEON COMPANY",NA,"Tucson",857566100,"02","AMS: ADV PROGRAMS","3113bab7e9e914995348650434b4ae6a",2019,3,"4201463579",2328936,2017-02-23,2017,"039119057","ENSIGN-BICKFORD AEROSPACE & DEFENSE COMPANY","EBA&D","058509654","Ensign-Bickford Industries, Inc.","640 HOPMEADOW ST","SIMSBURY","CT","Connecticut","060702420","05","For-Profit Organization,Manufacturer of Goods","SIMSBURY","CT","Connecticut","060702420","05","Firm Fixed Price","Brendan M Walsh",616333,"Steven L Perkins",528682,"Daniel  Link",352343,"JASON  SMITH",298144,"mERYL  MALLERY",290615,2019-04-02 20:24:02
NA,NA,"97AE","DEFENSE ADVANCED RESEARCH PROJECTS AGENCY  (DARPA)","HR0011","DEF ADVANCED RESEARCH PROJECTS AGCY","97AE","DEFENSE ADVANCED RESEARCH PROJECTS AGENCY  (DARPA)","HR0011","DEF ADVANCED RESEARCH PROJECTS AGCY","RAYTHEON COMPANY","001344142","RAYTHEON TECHNOLOGIES CORPORATION","For-Profit Organization,Manufacturer of Goods","15090 Tucson, AZ",857569367,"03","HYPERSONIC AIR BREAT","3969f7c16051e43a4663fc4a20da4d12",2021,10,"4202070438",2176384,2019-10-09,2020,"003087715","ALLIANT TECHSYSTEMS OPERATIONS LLC",NA,"967356127","NORTHROP GRUMMAN CORPORATION","210 STATE RTE 956","ROCKET CENTER","WV","West Virginia","267269219","01","For-Profit Organization,Manufacturer of Goods","ROCKET CENTER","WV","West Virginia","267269219","01","NRE - Other.",NA,NA,NA,NA,NA,NA,NA,NA,NA,NA,2021-11-16 13:35:00
NA,NA,"97AE","DEFENSE ADVANCED RESEARCH PROJECTS AGENCY  (DARPA)","HR0011","DEF ADVANCED RESEARCH PROJECTS AGCY","97AE","DEFENSE ADVANCED RESEARCH PROJECTS AGENCY  (DARPA)","HR0011","DEF ADVANCED RESEARCH PROJECTS AGCY","RAYTHEON COMPANY","001344142","RAYTHEON TECHNOLOGIES CORPORATION",NA,"15090 Tucson, AZ",857569367,"03","HYPERSONIC AIR BREAT","9cc566b9e1dd74484ffd626aba55c80e",2020,10,"4202070438",2148728,2019-10-09,2020,"003087715","ALLIANT TECHSYSTEMS OPERATIONS LLC",NA,"967356127","NORTHROP GRUMMAN CORPORATION","210 STATE RTE 956","ROCKET CENTER","WV","West Virginia","267269219","01","For-Profit Organization,Manufacturer of Goods","ROCKET CENTER","WV","West Virginia","267269219","01","NRE - Other.",NA,NA,NA,NA,NA,NA,NA,NA,NA,NA,2020-11-17 10:56:12
NA,NA,"97AE","DEFENSE ADVANCED RESEARCH PROJECTS AGENCY  (DARPA)","HR0011","DEF ADVANCED RESEARCH PROJECTS AGCY","97AE","DEFENSE ADVANCED RESEARCH PROJECTS AGENCY  (DARPA)","HR0011","DEF ADVANCED RESEARCH PROJECTS AGCY","RAYTHEON COMPANY","001339159","RAYTHEON COMPANY",NA,"Tucson",857566100,"02","AMS: ADV PROGRAMS","8a060156205515e8ffdd6d97796735d6",2017,8,"4201562341",1997588,2017-08-11,2017,"139119536","AEROJET ROCKETDYNE, INC.",NA,"001316330","AEROJET ROCKETDYNE HOLDINGS, INC.","8050 PINEY BRANCH LN BLDG 450","BRISTOW","VA","Virginia","201361152","11","For-Profit Organization,Manufacturer of Goods","BRISTOW","VA","Virginia","201361152","11","Cost Plus Fixed Fee",NA,NA,NA,NA,NA,NA,NA,NA,NA,NA,2017-09-27 14:39:26
NA,NA,"97AE","DEFENSE ADVANCED RESEARCH PROJECTS AGENCY  (DARPA)","HR0011","DEF ADVANCED RESEARCH PROJECTS AGCY","97AE","DEFENSE ADVANCED RESEARCH PROJECTS AGENCY  (DARPA)","HR0011","DEF ADVANCED RESEARCH PROJECTS AGCY","RAYTHEON COMPANY","001339159","RAYTHEON COMPANY",NA,"Tucson",857566100,"02","AMS: ADV PROGRAMS","86b933b8e050b32580d08734acd6e4d8",2019,4,"4201865561",1942520,2018-11-30,2019,"045102274","DUCOMMUN LABARGE TECHNOLOGIES, INC.",NA,"006907042","Ducommun Incorporated","1505 S MAIDEN LN","JOPLIN","MO","Missouri","648013819","07","For-Profit Organization,Manufacturer of Goods","JOPLIN","MO","Missouri","648013819","07","Firm Fixed Price",NA,NA,NA,NA,NA,NA,NA,NA,NA,NA,2019-05-08 15:37:59
NA,NA,"97AE","DEFENSE ADVANCED RESEARCH PROJECTS AGENCY  (DARPA)","HR0011","DEF ADVANCED RESEARCH PROJECTS AGCY","97AE","DEFENSE ADVANCED RESEARCH PROJECTS AGENCY  (DARPA)","HR0011","DEF ADVANCED RESEARCH PROJECTS AGCY","RAYTHEON COMPANY","001344142","RAYTHEON TECHNOLOGIES CORPORATION",NA,"15090 Tucson, AZ",857569367,"03","HYPERSONIC AIR BREAT","9cc566b9e1dd74484ffd626aba55c80e",2020,10,"4201562341",1935479,2017-08-24,2017,"139119536","AEROJET ROCKETDYNE, INC.",NA,"001316330","AEROJET ROCKETDYNE HOLDINGS, INC.","7499 PINE STAKE RD","CULPEPER","VA","Virginia","227018963","07","For-Profit Organization,Manufacturer of Goods","CULPEPER","VA","Virginia","227018963","07","FinsWings&Boattails, NRE - Other, Pyrotechnic Fuses, Rocket Motors.",NA,NA,NA,NA,NA,NA,NA,NA,NA,NA,2020-11-17 10:56:12
NA,NA,"97AE","DEFENSE ADVANCED RESEARCH PROJECTS AGENCY  (DARPA)","HR0011","DEF ADVANCED RESEARCH PROJECTS AGCY","97AE","DEFENSE ADVANCED RESEARCH PROJECTS AGENCY  (DARPA)","HR0011","DEF ADVANCED RESEARCH PROJECTS AGCY","RAYTHEON COMPANY","001344142","RAYTHEON TECHNOLOGIES CORPORATION","For-Profit Organization,Manufacturer of Goods","15090 Tucson, AZ",857569367,"03","HYPERSONIC AIR BREAT","3969f7c16051e43a4663fc4a20da4d12",2021,10,"4201562341",1935479,2017-08-24,2017,"139119536","AEROJET ROCKETDYNE, INC.",NA,"001316330","AEROJET ROCKETDYNE HOLDINGS, INC.","7499 PINE STAKE RD","CULPEPER","VA","Virginia","227018963","07","For-Profit Organization,Manufacturer of Goods","CULPEPER","VA","Virginia","227018963","07","FinsWings&Boattails, NRE - Other, Pyrotechnic Fuses, Rocket Motors.",NA,NA,NA,NA,NA,NA,NA,NA,NA,NA,2021-11-16 13:35:00
NA,NA,"97AE","DEFENSE ADVANCED RESEARCH PROJECTS AGENCY  (DARPA)","HR0011","DEF ADVANCED RESEARCH PROJECTS AGCY","5700","DEPT OF THE AIR FORCE","F4FRQH","AFRL RQH         HIGH SPEED SYS DIV","RAYTHEON COMPANY","001339159","RAYTHEON COMPANY",NA,"TUCSON",857566100,"02","AMS: ADV PROGRAMS","1ab3d0998d826d68ea2c956fb1bf989f",2017,5,"4201463579",1919219,2017-02-23,2017,"039119057","ENSIGN-BICKFORD AEROSPACE & DEFENSE COMPANY","EBA&D","058509654","ENSIGN-BICKFORD INDUSTRIES, INC.","640 HOPMEADOW ST","SIMSBURY","CT","Connecticut","060702420","05","Contracts and Grants,For-Profit Organization,Manufacturer of Goods","SIMSBURY","CT","Connecticut","060702420","05","Firm Fixed Price","Brendan M Walsh",477826,"Steven L Perkins",428276,"Daniel  Link",326637,"Gen O Defelice",301321,"Doug  Peterczak",255159,2017-06-29 19:58:55
NA,NA,"97AE","DEFENSE ADVANCED RESEARCH PROJECTS AGENCY  (DARPA)","HR0011","DEF ADVANCED RESEARCH PROJECTS AGCY","5700","DEPT OF THE AIR FORCE","F4FRQH","AFRL RQH         HIGH SPEED SYS DIV","RAYTHEON COMPANY","001339159","RAYTHEON COMPANY",NA,"Tucson",857566100,"02","AMS: ADV PROGRAMS","13ffd69aa30a9e255129fa1ff785ecd6",2017,3,"4201464966",1511333,2017-02-24,2017,"062090931","TRI MODELS, INC.",NA,NA,NA,"5191 OCEANUS DR","HUNTINGTON BEACH","CA","California","926491026","46","Contracts and Grants,For-Profit Organization,Manufacturer of Goods","HUNTINGTON BEACH","CA","California","926491026","46","Firm Fixed Price",NA,NA,NA,NA,NA,NA,NA,NA,NA,NA,2017-04-27 14:28:08
NA,NA,"97AE","DEFENSE ADVANCED RESEARCH PROJECTS AGENCY  (DARPA)","HR0011","DEF ADVANCED RESEARCH PROJECTS AGCY","5700","DEPT OF THE AIR FORCE","F1TBAX","AFRL RW","RAYTHEON COMPANY","001339159","RAYTHEON COMPANY",NA,"Tucson",857566100,"02","AMS: ADV PROGRAMS","3113bab7e9e914995348650434b4ae6a",2019,3,"4201827072",1331612,2018-10-08,2019,"079975806","PACIFIC SCIENTIFIC ENERGETIC MATERIALS COMPANY (CALIFORNIA) LLC","PACIFIC SCIENTIFIC","080198742","Fortive Corporation","3601 UNION RD","HOLLISTER","CA","California","950239635","17","For-Profit Organization,Limited Liability Company,Manufacturer of Goods","HOLLISTER","CA","California","950239635","17","Firm Fixed Price",NA,NA,NA,NA,NA,NA,NA,NA,NA,NA,2019-04-02 20:24:02
NA,NA,"97AE","DEFENSE ADVANCED RESEARCH PROJECTS AGENCY  (DARPA)","HR0011","DEF ADVANCED RESEARCH PROJECTS AGCY","97AE","DEFENSE ADVANCED RESEARCH PROJECTS AGENCY  (DARPA)","HR0011","DEF ADVANCED RESEARCH PROJECTS AGCY","RAYTHEON COMPANY","001344142","RAYTHEON TECHNOLOGIES CORPORATION",NA,"15090 Tucson, AZ",857569367,"03","HYPERSONIC AIR BREAT","9cc566b9e1dd74484ffd626aba55c80e",2020,10,"4201837766",1147265,2018-11-01,2019,"080242612","PACIFIC SCIENTIFIC ENERGETIC MATERIALS COMPANY (CALIFORNIA) LLC",NA,"080198742","Fortive Corporation","7073 W WILLIS RD STE 5002","CHANDLER","AZ","Arizona","852265166","07","For-Profit Organization,Limited Liability Company,Manufacturer of Goods","CHANDLER","AZ","Arizona","852265111","07","Explosive Cut Device, NRE - Engineering, NRE - Other.",NA,NA,NA,NA,NA,NA,NA,NA,NA,NA,2020-11-17 10:56:12
NA,NA,"97AE","DEFENSE ADVANCED RESEARCH PROJECTS AGENCY  (DARPA)","HR0011","DEF ADVANCED RESEARCH PROJECTS AGCY","97AE","DEFENSE ADVANCED RESEARCH PROJECTS AGENCY  (DARPA)","HR0011","DEF ADVANCED RESEARCH PROJECTS AGCY","RAYTHEON COMPANY","001344142","RAYTHEON TECHNOLOGIES CORPORATION","For-Profit Organization,Manufacturer of Goods","15090 Tucson, AZ",857569367,"03","HYPERSONIC AIR BREAT","3969f7c16051e43a4663fc4a20da4d12",2021,10,"4201837766",1147265,2018-11-01,2019,"080242612","PACIFIC SCIENTIFIC ENERGETIC MATERIALS COMPANY (CALIFORNIA) LLC",NA,"080198742","Fortive Corporation","7073 W WILLIS RD STE 5002","CHANDLER","AZ","Arizona","852265166","01","For-Profit Organization,Limited Liability Company,Manufacturer of Goods","CHANDLER","AZ","Arizona","852265111","07","Explosive Cut Device, NRE - Engineering, NRE - Other.",NA,NA,NA,NA,NA,NA,NA,NA,NA,NA,2021-11-16 13:35:00
NA,NA,"97AE","DEFENSE ADVANCED RESEARCH PROJECTS AGENCY  (DARPA)","HR0011","DEF ADVANCED RESEARCH PROJECTS AGCY","97AE","DEFENSE ADVANCED RESEARCH PROJECTS AGENCY  (DARPA)","HR0011","DEF ADVANCED RESEARCH PROJECTS AGCY","RAYTHEON COMPANY","001344142","RAYTHEON TECHNOLOGIES CORPORATION",NA,"15090 Tucson, AZ",857569367,"03","HYPERSONIC AIR BREAT","9cc566b9e1dd74484ffd626aba55c80e",2020,10,"4201827072",932473,2018-10-23,2019,"079975806","PACIFIC SCIENTIFIC ENERGETIC MATERIALS COMPANY (CALIFORNIA) LLC","PACIFIC SCIENTIFIC","080198742","Fortive Corporation","3601 UNION RD","HOLLISTER","CA","California","950239635","17","For-Profit Organization,Limited Liability Company,Manufacturer of Goods","HOLLISTER","CA","California","950239635","17","Couplers, Gen Structural Assys, NRE - Other, Nuts.",NA,NA,NA,NA,NA,NA,NA,NA,NA,NA,2020-11-17 10:56:12
NA,NA,"97AE","DEFENSE ADVANCED RESEARCH PROJECTS AGENCY  (DARPA)","HR0011","DEF ADVANCED RESEARCH PROJECTS AGCY","97AE","DEFENSE ADVANCED RESEARCH PROJECTS AGENCY  (DARPA)","HR0011","DEF ADVANCED RESEARCH PROJECTS AGCY","RAYTHEON COMPANY","001344142","RAYTHEON TECHNOLOGIES CORPORATION","For-Profit Organization,Manufacturer of Goods","15090 Tucson, AZ",857569367,"03","HYPERSONIC AIR BREAT","3969f7c16051e43a4663fc4a20da4d12",2021,10,"4201827072",932473,2018-10-23,2019,"079975806","PACIFIC SCIENTIFIC ENERGETIC MATERIALS COMPANY (CALIFORNIA) LLC","PACIFIC SCIENTIFIC","080198742","Fortive Corporation","3601 UNION RD","HOLLISTER","CA","California","950239635","20","For-Profit Organization,Limited Liability Company,Manufacturer of Goods","HOLLISTER","CA","California","950239635","20","Couplers, Gen Structural Assys, NRE - Other, Nuts.",NA,NA,NA,NA,NA,NA,NA,NA,NA,NA,2021-11-16 13:35:00
NA,NA,"97AE","DEFENSE ADVANCED RESEARCH PROJECTS AGENCY  (DARPA)","HR0011","DEF ADVANCED RESEARCH PROJECTS AGCY","97AE","DEFENSE ADVANCED RESEARCH PROJECTS AGENCY  (DARPA)","HR0011","DEF ADVANCED RESEARCH PROJECTS AGCY","RAYTHEON COMPANY","001339159","RAYTHEON COMPANY",NA,"Tucson",857566100,"02","AMS: ADV PROGRAMS","03b2184d5343366bc2fc8a6d433924b3",2018,10,"4201691659",928445,2018-03-15,2018,"008975880","L3 TECHNOLOGIES, INC.","L-3 TELEMETRY & RF PRODUCTS","008898884","L3 TECHNOLOGIES, INC.","9020 BALBOA AVE","SAN DIEGO","CA","California","921231510","52","For-Profit Organization,Manufacturer of Goods","SAN DIEGO","CA","California","921233507","52","Firm Fixed Price",NA,NA,NA,NA,NA,NA,NA,NA,NA,NA,2018-11-28 15:00:52
NA,NA,"97AE","DEFENSE ADVANCED RESEARCH PROJECTS AGENCY  (DARPA)","HR0011","DEF ADVANCED RESEARCH PROJECTS AGCY","97AE","DEFENSE ADVANCED RESEARCH PROJECTS AGENCY  (DARPA)","HR0011","DEF ADVANCED RESEARCH PROJECTS AGCY","RAYTHEON COMPANY","001344142","RAYTHEON TECHNOLOGIES CORPORATION","For-Profit Organization,Manufacturer of Goods","15090 Tucson, AZ",857569367,"03","HYPERSONIC AIR BREAT","3969f7c16051e43a4663fc4a20da4d12",2021,10,"4201464966",926271,2017-03-02,2017,"062090931","TRI MODELS, INC.",NA,NA,NA,"5191 OCEANUS DR","HUNTINGTON BEACH","CA","California","926491026","48","For-Profit Organization,Manufacturer of Goods","HUNTINGTON BEACH","CA","California","926491026","48","EnvTestEq(Shock/etc), NRE - Engineering, Tech/Eng Services.",NA,NA,NA,NA,NA,NA,NA,NA,NA,NA,2021-11-16 13:35:00
NA,NA,"97AE","DEFENSE ADVANCED RESEARCH PROJECTS AGENCY  (DARPA)","HR0011","DEF ADVANCED RESEARCH PROJECTS AGCY","97AE","DEFENSE ADVANCED RESEARCH PROJECTS AGENCY  (DARPA)","HR0011","DEF ADVANCED RESEARCH PROJECTS AGCY","RAYTHEON COMPANY","001344142","RAYTHEON TECHNOLOGIES CORPORATION",NA,"15090 Tucson, AZ",857569367,"03","HYPERSONIC AIR BREAT","9cc566b9e1dd74484ffd626aba55c80e",2020,10,"4201464966",926271,2017-03-02,2017,"062090931","TRI MODELS, INC.",NA,NA,NA,"5191 OCEANUS DR","HUNTINGTON BEACH","CA","California","926491026","46","For-Profit Organization,Manufacturer of Goods","HUNTINGTON BEACH","CA","California","926491026","46","EnvTestEq(Shock/etc), NRE - Engineering, Tech/Eng Services.",NA,NA,NA,NA,NA,NA,NA,NA,NA,NA,2020-11-17 10:56:12
NA,NA,"97AE","DEFENSE ADVANCED RESEARCH PROJECTS AGENCY  (DARPA)","HR0011","DEF ADVANCED RESEARCH PROJECTS AGCY","5700","DEPT OF THE AIR FORCE","F1TBPV","AFRL RWP","RAYTHEON COMPANY","001339159","RAYTHEON COMPANY",NA,"Tucson",857566100,"02","AMS: ADV PROGRAMS/RMS: NBI","7d49aa475ea0a5ae350c4e3158aa7e7a",2019,1,"4201865561",924640,2018-11-30,2019,"045102274","DUCOMMUN LABARGE TECHNOLOGIES, INC.",NA,"006907042","Ducommun Incorporated","1505 S MAIDEN LN","JOPLIN","MO","Missouri","648013819","07","For-Profit Organization,Manufacturer of Goods","JOPLIN","MO","Missouri","648013819","07","Firm Fixed Price",NA,NA,NA,NA,NA,NA,NA,NA,NA,NA,2019-02-22 14:16:15
NA,NA,"97AE","DEFENSE ADVANCED RESEARCH PROJECTS AGENCY  (DARPA)","HR0011","DEF ADVANCED RESEARCH PROJECTS AGCY","97AE","DEFENSE ADVANCED RESEARCH PROJECTS AGENCY  (DARPA)","HR0011","DEF ADVANCED RESEARCH PROJECTS AGCY","RAYTHEON COMPANY","001339159","RAYTHEON COMPANY",NA,"Tucson",857566100,"02","AMS: ADV PROGRAMS","86b933b8e050b32580d08734acd6e4d8",2019,4,"4201837766",900319,2018-10-23,2019,"080242612","PACIFIC SCIENTIFIC ENERGETIC MATERIALS COMPANY (CALIFORNIA) LLC",NA,"080198742","Fortive Corporation","7073 W WILLIS RD STE 5002","CHANDLER","AZ","Arizona","852265166","07","For-Profit Organization,Limited Liability Company,Manufacturer of Goods","CHANDLER","AZ","Arizona","852265166","07","Firm Fixed Price",NA,NA,NA,NA,NA,NA,NA,NA,NA,NA,2019-05-08 15:37:59
NA,NA,"97AE","DEFENSE ADVANCED RESEARCH PROJECTS AGENCY  (DARPA)","HR0011","DEF ADVANCED RESEARCH PROJECTS AGCY","97AE","DEFENSE ADVANCED RESEARCH PROJECTS AGENCY  (DARPA)","HR0011","DEF ADVANCED RESEARCH PROJECTS AGCY","RAYTHEON COMPANY","001344142","RAYTHEON TECHNOLOGIES CORPORATION","For-Profit Organization,Manufacturer of Goods","15090 Tucson, AZ",857569367,"03","HYPERSONIC AIR BREAT","3969f7c16051e43a4663fc4a20da4d12",2021,10,"4201691659",893366,2018-10-03,2019,"008975880","L3 TECHNOLOGIES, INC.","L-3 TELEMETRY & RF PRODUCTS","004203337","L3HARRIS TECHNOLOGIES, INC.","9020 BALBOA AVE","SAN DIEGO","CA","California","921231510","52","For-Profit Organization,Manufacturer of Goods","SAN DIEGO","CA","California","921231510","52","Encoders, NRE - Other.",NA,NA,NA,NA,NA,NA,NA,NA,NA,NA,2021-11-16 13:35:00
NA,NA,"97AE","DEFENSE ADVANCED RESEARCH PROJECTS AGENCY  (DARPA)","HR0011","DEF ADVANCED RESEARCH PROJECTS AGCY","97AE","DEFENSE ADVANCED RESEARCH PROJECTS AGENCY  (DARPA)","HR0011","DEF ADVANCED RESEARCH PROJECTS AGCY","RAYTHEON COMPANY","001344142","RAYTHEON TECHNOLOGIES CORPORATION",NA,"15090 Tucson, AZ",857569367,"03","HYPERSONIC AIR BREAT","9cc566b9e1dd74484ffd626aba55c80e",2020,10,"4201691659",893366,2018-10-03,2019,"008975880","L3 TECHNOLOGIES, INC.","L-3 TELEMETRY & RF PRODUCTS","004203337","L3HARRIS TECHNOLOGIES, INC.","9020 BALBOA AVE","SAN DIEGO","CA","California","921231510","52","For-Profit Organization,Manufacturer of Goods","SAN DIEGO","CA","California","921231510","52","Encoders, NRE - Other.",NA,NA,NA,NA,NA,NA,NA,NA,NA,NA,2020-11-17 10:56:12
NA,NA,"9763","DEFENSE CONTRACT MANAGEMENT AGENCY (DCMA)","S0305A","DCMA RAYTHEON TUCSON","97AE","DEFENSE ADVANCED RESEARCH PROJECTS AGENCY  (DARPA)","HR0011","DEF ADVANCED RESEARCH PROJECTS AGCY","RAYTHEON COMPANY","001339159","RAYTHEON COMPANY",NA,"Tucson",857569367,"03","AMS: ADV PROGRAMS","3f42e973b4518e391d9b610029bbbd7b",2019,5,"4201837766",891828,2018-10-23,2019,"080242612","PACIFIC SCIENTIFIC ENERGETIC MATERIALS COMPANY (CALIFORNIA) LLC",NA,"080198742","Fortive Corporation","7073 W WILLIS RD STE 5002","CHANDLER","AZ","Arizona","852265166","07","For-Profit Organization,Limited Liability Company,Manufacturer of Goods","CHANDLER","AZ","Arizona","852265166","07","Firm Fixed Price",NA,NA,NA,NA,NA,NA,NA,NA,NA,NA,2019-06-06 16:36:56
NA,NA,"97AE","DEFENSE ADVANCED RESEARCH PROJECTS AGENCY  (DARPA)","HR0011","DEF ADVANCED RESEARCH PROJECTS AGCY","5700","DEPT OF THE AIR FORCE","F1TBPV","AFRL RWP","RAYTHEON COMPANY","001339159","RAYTHEON COMPANY",NA,"Tucson",857566100,"02","AMS: ADV PROGRAMS","e618b73244017dd5d391eb57ba5d995c",2018,5,"4201738996",853476,2018-05-22,2018,"612074369","TELETRONICS TECHNOLOGY CORPORATION",NA,"002013522","CURTISS-WRIGHT CORPORATION","15 TERRY DR","NEWTOWN","PA","Pennsylvania","189401830","08","For-Profit Organization,Manufacturer of Goods","NEWTOWN","PA","Pennsylvania","189401830","08","Firm Fixed Price",NA,NA,NA,NA,NA,NA,NA,NA,NA,NA,2018-06-28 16:30:37
NA,NA,"97AE","DEFENSE ADVANCED RESEARCH PROJECTS AGENCY  (DARPA)","HR0011","DEF ADVANCED RESEARCH PROJECTS AGCY","97AE","DEFENSE ADVANCED RESEARCH PROJECTS AGENCY  (DARPA)","HR0011","DEF ADVANCED RESEARCH PROJECTS AGCY","RAYTHEON COMPANY","001344142","RAYTHEON TECHNOLOGIES CORPORATION","For-Profit Organization,Manufacturer of Goods","15090 Tucson, AZ",857569367,"03","HYPERSONIC AIR BREAT","3969f7c16051e43a4663fc4a20da4d12",2021,10,"4201768552",784267,2018-08-13,2018,"832416932","DYNETICS TECHNICAL SOLUTIONS, INC.",NA,"611641312","LEIDOS HOLDINGS, INC.","1051 ENTERPRISE WAY","HUNTSVILLE","AL","Alabama","358062730","05","For-Profit Organization,Manufacturer of Goods","HUNTSVILLE","AL","Alabama","358062730","05","Fuselage, Gen Structural Assys, NRE - Other.",NA,NA,NA,NA,NA,NA,NA,NA,NA,NA,2021-11-16 13:35:00
NA,NA,"97AE","DEFENSE ADVANCED RESEARCH PROJECTS AGENCY  (DARPA)","HR0011","DEF ADVANCED RESEARCH PROJECTS AGCY","97AE","DEFENSE ADVANCED RESEARCH PROJECTS AGENCY  (DARPA)","HR0011","DEF ADVANCED RESEARCH PROJECTS AGCY","RAYTHEON COMPANY","001344142","RAYTHEON TECHNOLOGIES CORPORATION",NA,"15090 Tucson, AZ",857569367,"03","HYPERSONIC AIR BREAT","9cc566b9e1dd74484ffd626aba55c80e",2020,10,"4201768552",784267,2018-08-13,2018,"832416932","DYNETICS TECHNICAL SOLUTIONS, INC.",NA,"611641312","LEIDOS HOLDINGS, INC.","1051 ENTERPRISE WAY","HUNTSVILLE","AL","Alabama","358062730","05","For-Profit Organization,Manufacturer of Goods","HUNTSVILLE","AL","Alabama","358062730","05","Fuselage, Gen Structural Assys, NRE - Other.",NA,NA,NA,NA,NA,NA,NA,NA,NA,NA,2020-11-17 10:56:12
NA,NA,"97AE","DEFENSE ADVANCED RESEARCH PROJECTS AGENCY  (DARPA)","HR0011","DEF ADVANCED RESEARCH PROJECTS AGCY","5700","DEPT OF THE AIR FORCE","F4FRQH","AFRL RQH         HIGH SPEED SYS DIV","RAYTHEON COMPANY","001339159","RAYTHEON COMPANY",NA,"Tucson",857566100,"02","AMS: ADV PROGRAMS; AMS:AAWS","39c95e9cbd4021984f1fc6bed0c7ca0d",2017,2,"4201464966",754666,2017-02-24,2017,"062090931","TRI MODELS, INC.",NA,NA,NA,"5191 OCEANUS DR","HUNTINGTON BEACH","CA","California","926491026","46","Contracts and Grants,For-Profit Organization,Manufacturer of Goods","HUNTINGTON BEACH","CA","California","926491026","46","Firm Fixed Price",NA,NA,NA,NA,NA,NA,NA,NA,NA,NA,2017-03-30 15:36:30
NA,NA,"97AE","DEFENSE ADVANCED RESEARCH PROJECTS AGENCY  (DARPA)","HR0011","DEF ADVANCED RESEARCH PROJECTS AGCY","5700","DEPT OF THE AIR FORCE","F4FRQH","AFRL RQH         HIGH SPEED SYS DIV","RAYTHEON COMPANY","001339159","RAYTHEON COMPANY",NA,"Tucson",857566100,"02","AMS: ADV PROGRAMS; AMS:AAWS","39c95e9cbd4021984f1fc6bed0c7ca0d",2017,2,"4201399909",712889,2016-10-27,2017,"803209782","ORBITAL SCIENCES CORPORATION","LAUNCH VEHICLES DIVISION","618705925","ORBITAL ATK, INC.","3380 S PRICE RD","CHANDLER","AZ","Arizona","852483534","06","For-Profit Organization","CHANDLER","AZ","Arizona","852483534","06","Cost Plus Fixed Fee",NA,NA,NA,NA,NA,NA,NA,NA,NA,NA,2017-03-30 15:36:30
NA,NA,"97AE","DEFENSE ADVANCED RESEARCH PROJECTS AGENCY  (DARPA)","HR0011","DEF ADVANCED RESEARCH PROJECTS AGCY","97AE","DEFENSE ADVANCED RESEARCH PROJECTS AGENCY  (DARPA)","HR0011","DEF ADVANCED RESEARCH PROJECTS AGCY","RAYTHEON COMPANY","001344142","RAYTHEON TECHNOLOGIES CORPORATION",NA,"15090 Tucson, AZ",857569367,"03","HYPERSONIC AIR BREAT","9cc566b9e1dd74484ffd626aba55c80e",2020,10,"4201753224",697020,2018-06-15,2018,"612074369","TELETRONICS TECHNOLOGY CORPORATION",NA,"002013522","CURTISS-WRIGHT CORPORATION","15 TERRY DR","NEWTOWN","PA","Pennsylvania","189401830","08","For-Profit Organization,Manufacturer of Goods","NEWTOWN","PA","Pennsylvania","189401830","08","Multi-Function Assys.",NA,NA,NA,NA,NA,NA,NA,NA,NA,NA,2020-11-17 10:56:12
NA,NA,"97AE","DEFENSE ADVANCED RESEARCH PROJECTS AGENCY  (DARPA)","HR0011","DEF ADVANCED RESEARCH PROJECTS AGCY","97AE","DEFENSE ADVANCED RESEARCH PROJECTS AGENCY  (DARPA)","HR0011","DEF ADVANCED RESEARCH PROJECTS AGCY","RAYTHEON COMPANY","001344142","RAYTHEON TECHNOLOGIES CORPORATION","For-Profit Organization,Manufacturer of Goods","15090 Tucson, AZ",857569367,"03","HYPERSONIC AIR BREAT","3969f7c16051e43a4663fc4a20da4d12",2021,10,"4201753224",697020,2018-06-15,2018,"612074369","TELETRONICS TECHNOLOGY CORPORATION",NA,"002013522","CURTISS-WRIGHT CORPORATION","15 TERRY DR","NEWTOWN","PA","Pennsylvania","189401830","08","For-Profit Organization,Manufacturer of Goods","NEWTOWN","PA","Pennsylvania","189401830","08","Multi-Function Assys.",NA,NA,NA,NA,NA,NA,NA,NA,NA,NA,2021-11-16 13:35:00
NA,NA,"97AE","DEFENSE ADVANCED RESEARCH PROJECTS AGENCY  (DARPA)","HR0011","DEF ADVANCED RESEARCH PROJECTS AGCY","97AE","DEFENSE ADVANCED RESEARCH PROJECTS AGENCY  (DARPA)","HR0011","DEF ADVANCED RESEARCH PROJECTS AGCY","RAYTHEON COMPANY","001344142","RAYTHEON TECHNOLOGIES CORPORATION","For-Profit Organization,Manufacturer of Goods","15090 Tucson, AZ",857569367,"03","HYPERSONIC AIR BREAT","3969f7c16051e43a4663fc4a20da4d12",2021,10,"4201532175",673672,2017-07-28,2017,"826534286","MICRO CRAFT, INC.",NA,NA,NA,"207 BIG SPRINGS AVE","TULLAHOMA","TN","Tennessee","373883390","06","For-Profit Organization,S Corporation","TULLAHOMA","TN","Tennessee","373883390","06","Testing (Non-Prod).",NA,NA,NA,NA,NA,NA,NA,NA,NA,NA,2021-11-16 13:35:00
NA,NA,"97AE","DEFENSE ADVANCED RESEARCH PROJECTS AGENCY  (DARPA)","HR0011","DEF ADVANCED RESEARCH PROJECTS AGCY","97AE","DEFENSE ADVANCED RESEARCH PROJECTS AGENCY  (DARPA)","HR0011","DEF ADVANCED RESEARCH PROJECTS AGCY","RAYTHEON COMPANY","001344142","RAYTHEON TECHNOLOGIES CORPORATION",NA,"15090 Tucson, AZ",857569367,"03","HYPERSONIC AIR BREAT","9cc566b9e1dd74484ffd626aba55c80e",2020,10,"4201532175",673672,2017-07-28,2017,"826534286","MICRO CRAFT, INC.",NA,NA,NA,"207 BIG SPRINGS AVE","TULLAHOMA","TN","Tennessee","373883390","04","For-Profit Organization,S Corporation","TULLAHOMA","TN","Tennessee","373883390","04","Testing (Non-Prod).",NA,NA,NA,NA,NA,NA,NA,NA,NA,NA,2020-11-17 10:56:12
NA,NA,"97AE","DEFENSE ADVANCED RESEARCH PROJECTS AGENCY  (DARPA)","HR0011","DEF ADVANCED RESEARCH PROJECTS AGCY","5700","DEPT OF THE AIR FORCE","F1TBPV","AFRL RWP","RAYTHEON COMPANY","001339159","RAYTHEON COMPANY",NA,"Tucson",857566100,"02","AMS: ADV PROGRAMS","e618b73244017dd5d391eb57ba5d995c",2018,5,"4201653435",638100,2018-01-15,2018,"002742497","UNI-CAST, INC.",NA,NA,NA,"11 INDUSTRIAL DR","LONDONDERRY","NH","New Hampshire","030532011","01","For-Profit Organization,Manufacturer of Goods","LONDONDERRY","NH","New Hampshire","030532011","01","Firm Fixed Price",NA,NA,NA,NA,NA,NA,NA,NA,NA,NA,2018-06-28 16:30:37
NA,NA,"97AE","DEFENSE ADVANCED RESEARCH PROJECTS AGENCY  (DARPA)","HR0011","DEF ADVANCED RESEARCH PROJECTS AGCY","97AE","DEFENSE ADVANCED RESEARCH PROJECTS AGENCY  (DARPA)","HR0011","DEF ADVANCED RESEARCH PROJECTS AGCY","RAYTHEON COMPANY","001344142","RAYTHEON TECHNOLOGIES CORPORATION",NA,"15090 Tucson, AZ",857569367,"03","HYPERSONIC AIR BREAT","9cc566b9e1dd74484ffd626aba55c80e",2020,10,"4201569198",620396,2017-09-11,2017,"196559991","PARKER-HANNIFIN CORPORATION","GAS TURBINE FUEL SYSTEMS DIVISION","004175550","PARKER-HANNIFIN CORPORATION","14 ROBBINS POND RD","DEVENS","MA","Massachusetts","014345641","05","For-Profit Organization,Manufacturer of Goods","DEVENS","MA","Massachusetts","014345641","05","NRE - Data Items, NRE - Engineering, NRE - Qualification, Pumps, Tech/Eng Services.",NA,NA,NA,NA,NA,NA,NA,NA,NA,NA,2020-11-17 10:56:12
NA,NA,"97AE","DEFENSE ADVANCED RESEARCH PROJECTS AGENCY  (DARPA)","HR0011","DEF ADVANCED RESEARCH PROJECTS AGCY","97AE","DEFENSE ADVANCED RESEARCH PROJECTS AGENCY  (DARPA)","HR0011","DEF ADVANCED RESEARCH PROJECTS AGCY","RAYTHEON COMPANY","001339159","RAYTHEON COMPANY",NA,"Tucson",857566100,"02","AMS: ADV PROGRAMS","b6539f59e65a9689ac55b644219dadb6",2018,2,"AMS: ADV PROGRAMS",584200,2018-01-15,2018,"002742497","UNI-CAST, INC.",NA,NA,NA,"11 INDUSTRIAL DR","LONDONDERRY","NH","New Hampshire","030532011","01","For-Profit Organization,Manufacturer of Goods","LONDONDERRY","NH","New Hampshire","030532011","01","Firm Fixed Price",NA,NA,NA,NA,NA,NA,NA,NA,NA,NA,2018-03-26 19:23:55
NA,NA,"97AE","DEFENSE ADVANCED RESEARCH PROJECTS AGENCY  (DARPA)","HR0011","DEF ADVANCED RESEARCH PROJECTS AGCY","97AE","DEFENSE ADVANCED RESEARCH PROJECTS AGENCY  (DARPA)","HR0011","DEF ADVANCED RESEARCH PROJECTS AGCY","RAYTHEON COMPANY","001339159","RAYTHEON COMPANY",NA,"Tucson",857566100,"02","AMS: ADV PROGRAMS","8911e3768865bb0ce8b2acf29575eeb1",2018,3,"4201653435",584200,2018-01-15,2018,"002742497","UNI-CAST, INC.",NA,NA,NA,"11 INDUSTRIAL DR","LONDONDERRY","NH","New Hampshire","030532011","01","For-Profit Organization,Manufacturer of Goods","LONDONDERRY","NH","New Hampshire","030532011","01","Firm Fixed Price",NA,NA,NA,NA,NA,NA,NA,NA,NA,NA,2018-04-23 20:03:10
NA,NA,"97AE","DEFENSE ADVANCED RESEARCH PROJECTS AGENCY  (DARPA)","HR0011","DEF ADVANCED RESEARCH PROJECTS AGCY","97AE","DEFENSE ADVANCED RESEARCH PROJECTS AGENCY  (DARPA)","HR0011","DEF ADVANCED RESEARCH PROJECTS AGCY","RAYTHEON COMPANY","001344142","RAYTHEON TECHNOLOGIES CORPORATION",NA,"15090 Tucson, AZ",857569367,"03","HYPERSONIC AIR BREAT","9cc566b9e1dd74484ffd626aba55c80e",2020,10,"4201655621",509049,2018-02-15,2018,"603030065","JANSEN'S AIRCRAFT SYSTEMS CONTROLS, INC.","JASC",NA,NA,"2303 W ALAMEDA DR","TEMPE","AZ","Arizona","852823102","05","For-Profit Organization,Manufacturer of Goods,Self-Certified Small Disadvantaged Business,Woman-Owned Business","TEMPE","AZ","Arizona","852823102","05","Gen Structural Assys, NRE - Other, Valves.",NA,NA,NA,NA,NA,NA,NA,NA,NA,NA,2020-11-17 10:56:12
NA,NA,"97AE","DEFENSE ADVANCED RESEARCH PROJECTS AGENCY  (DARPA)","HR0011","DEF ADVANCED RESEARCH PROJECTS AGCY","97AE","DEFENSE ADVANCED RESEARCH PROJECTS AGENCY  (DARPA)","HR0011","DEF ADVANCED RESEARCH PROJECTS AGCY","RAYTHEON COMPANY","001344142","RAYTHEON TECHNOLOGIES CORPORATION","For-Profit Organization,Manufacturer of Goods","15090 Tucson, AZ",857569367,"03","HYPERSONIC AIR BREAT","3969f7c16051e43a4663fc4a20da4d12",2021,10,"4201655621",509049,2018-02-15,2018,"603030065","JANSEN'S AIRCRAFT SYSTEMS CONTROLS, INC.","JASC",NA,NA,"2303 W ALAMEDA DR","TEMPE","AZ","Arizona","852823102","09","For-Profit Organization,Manufacturer of Goods,Self-Certified Small Disadvantaged Business,Woman-Owned Business","TEMPE","AZ","Arizona","852823102","09","Gen Structural Assys, NRE - Other, Valves.",NA,NA,NA,NA,NA,NA,NA,NA,NA,NA,2021-11-16 13:35:00
NA,NA,"97AE","DEFENSE ADVANCED RESEARCH PROJECTS AGENCY  (DARPA)","HR0011","DEF ADVANCED RESEARCH PROJECTS AGCY","97AE","DEFENSE ADVANCED RESEARCH PROJECTS AGENCY  (DARPA)","HR0011","DEF ADVANCED RESEARCH PROJECTS AGCY","RAYTHEON COMPANY","001344142","RAYTHEON TECHNOLOGIES CORPORATION","For-Profit Organization,Manufacturer of Goods","15090 Tucson, AZ",857569367,"03","HYPERSONIC AIR BREAT","3969f7c16051e43a4663fc4a20da4d12",2021,10,"4201865561",504312,2018-12-04,2019,"045102274","DUCOMMUN LABARGE TECHNOLOGIES, INC.",NA,"006907042","Ducommun Incorporated","1505 S MAIDEN LN","JOPLIN","MO","Missouri","648013819","07","For-Profit Organization,Manufacturer of Goods","JOPLIN","MO","Missouri","648013819","07","Cable Assemblies RF, CableAssy&HarnMulti, NRE - Other.",NA,NA,NA,NA,NA,NA,NA,NA,NA,NA,2021-11-16 13:35:00
NA,NA,"97AE","DEFENSE ADVANCED RESEARCH PROJECTS AGENCY  (DARPA)","HR0011","DEF ADVANCED RESEARCH PROJECTS AGCY","5700","DEPT OF THE AIR FORCE","F4FRQH","AFRL RQH         HIGH SPEED SYS DIV","RAYTHEON","001339159","RAYTHEON COMPANY",NA,"Tucson",857566100,"02","AMS:AAWS","ea48d955c30cadf32f10592b10985bd7",2016,11,"4201363150",5e+05,2016-08-30,2016,"780680976","ALLIANT TECHSYSTEMS OPERATIONS LLC","TACTICAL PROPULSION AND CONTROLS DIVISION","618705925","ORBITAL ATK, INC.","55 THIOKOL RD","ELKTON","MD","Maryland","219214755","01","Contracts and Grants,For-Profit Organization,Manufacturer of Goods","ELKTON","MD","Maryland","219214755","01","Cost Plus Fixed Fee",NA,NA,NA,NA,NA,NA,NA,NA,NA,NA,2016-12-16 17:29:21
NA,NA,"97AE","DEFENSE ADVANCED RESEARCH PROJECTS AGENCY  (DARPA)","HR0011","DEF ADVANCED RESEARCH PROJECTS AGCY","5700","DEPT OF THE AIR FORCE","F4FRQH","AFRL RQH         HIGH SPEED SYS DIV","RAYTHEON COMPANY","001339159","RAYTHEON COMPANY",NA,"TUCSON",857566100,"02","AMS: ADV PROGRAMS","1ab3d0998d826d68ea2c956fb1bf989f",2017,5,"373883390",499468,2017-04-27,2017,"826534286","MICRO CRAFT, INC.",NA,NA,NA,"207 BIG SPRINGS AVE","TULLAHOMA","TN","Tennessee","373883390","04","For-Profit Organization,S Corporation","TULLAHOMA","TN","Tennessee","373883390","04","Time & Material",NA,NA,NA,NA,NA,NA,NA,NA,NA,NA,2017-06-29 19:58:55
NA,NA,"97AE","DEFENSE ADVANCED RESEARCH PROJECTS AGENCY  (DARPA)","HR0011","DEF ADVANCED RESEARCH PROJECTS AGCY","97AE","DEFENSE ADVANCED RESEARCH PROJECTS AGENCY  (DARPA)","HR0011","DEF ADVANCED RESEARCH PROJECTS AGCY","RAYTHEON COMPANY","001344142","RAYTHEON TECHNOLOGIES CORPORATION",NA,"15090 Tucson, AZ",857569367,"03","HYPERSONIC AIR BREAT","9cc566b9e1dd74484ffd626aba55c80e",2020,10,"4201865561",494312,2018-12-04,2019,"045102274","DUCOMMUN LABARGE TECHNOLOGIES, INC.",NA,"006907042","Ducommun Incorporated","1505 S MAIDEN LN","JOPLIN","MO","Missouri","648013819","07","For-Profit Organization,Manufacturer of Goods","JOPLIN","MO","Missouri","648013819","07","Cable Assemblies RF, CableAssy&HarnMulti, NRE - Other.",NA,NA,NA,NA,NA,NA,NA,NA,NA,NA,2020-11-17 10:56:12
NA,NA,"97AE","DEFENSE ADVANCED RESEARCH PROJECTS AGENCY  (DARPA)","HR0011","DEF ADVANCED RESEARCH PROJECTS AGCY","5700","DEPT OF THE AIR FORCE","F4FRQH","AFRL RQH         HIGH SPEED SYS DIV","RAYTHEON COMPANY","001339159","RAYTHEON COMPANY",NA,"Tucson",857566100,"02","AMS: ADV PROGRAMS","13ffd69aa30a9e255129fa1ff785ecd6",2017,3,"4201463579",486590,2017-02-23,2017,"039119057","ENSIGN-BICKFORD AEROSPACE & DEFENSE COMPANY","EBA&D","058509654","ENSIGN-BICKFORD INDUSTRIES, INC.","640 HOPMEADOW ST","SIMSBURY","CT","Connecticut","060702420","05","Contracts and Grants,For-Profit Organization,Manufacturer of Goods","SIMSBURY","CT","Connecticut","060702420","05","Firm Fixed Price","Brendan M Walsh",477826,"Steven L Perkins",428276,"Daniel  Link",326637,"Gen O Defelice",301321,"Doug  Peterczak",255159,2017-04-27 14:28:08
NA,NA,"97AE","DEFENSE ADVANCED RESEARCH PROJECTS AGENCY  (DARPA)","HR0011","DEF ADVANCED RESEARCH PROJECTS AGCY","5700","DEPT OF THE AIR FORCE","F4FRQH","AFRL RQH         HIGH SPEED SYS DIV","RAYTHEON COMPANY","001339159","RAYTHEON COMPANY",NA,"Tucson",857566100,"02","AMS: ADV PROGRAMS","f194bdf06296167eafa6e86d4db6e62b",2017,4,"4201463167",461160,2017-02-22,2017,"080242612","PACIFIC SCIENTIFIC ENERGETIC MATERIALS COMPANY (CALIFORNIA) LLC",NA,"080198742","Fortive Corporation","7073 W WILLIS RD STE 5002","CHANDLER","AZ","Arizona","852265166","07","For-Profit Organization,Limited Liability Company,Manufacturer of Goods","CHANDLER","AZ","Arizona","852265166","07","Firm Fixed Price",NA,NA,NA,NA,NA,NA,NA,NA,NA,NA,2017-05-31 17:52:00
NA,NA,"97AE","DEFENSE ADVANCED RESEARCH PROJECTS AGENCY  (DARPA)","HR0011","DEF ADVANCED RESEARCH PROJECTS AGCY","5700","DEPT OF THE AIR FORCE","F1TBAX","AFRL RW","RAYTHEON COMPANY","001339159","RAYTHEON COMPANY",NA,"Tucson",857566100,"02","AMS: ADV PROGRAMS","3113bab7e9e914995348650434b4ae6a",2019,3,"4201691659",454938,2018-03-15,2018,"008975880","L3 TECHNOLOGIES, INC.","L-3 TELEMETRY & RF PRODUCTS","008898884","L3 TECHNOLOGIES, INC.","9020 BALBOA AVE","SAN DIEGO","CA","California","921231510","52","For-Profit Organization,Manufacturer of Goods","SAN DIEGO","CA","California","921233507","52","Firm Fixed Price",NA,NA,NA,NA,NA,NA,NA,NA,NA,NA,2019-04-02 20:24:02
NA,NA,"97AE","DEFENSE ADVANCED RESEARCH PROJECTS AGENCY  (DARPA)","HR0011","DEF ADVANCED RESEARCH PROJECTS AGCY","5700","DEPT OF THE AIR FORCE","F1TBPV","AFRL RWP","RAYTHEON COMPANY","001339159","RAYTHEON COMPANY",NA,"Tucson",857566100,"02","AMS: ADV PROGRAMS/RMS: NBI","7d49aa475ea0a5ae350c4e3158aa7e7a",2019,1,"4201569198",451140,2017-08-22,2017,"196559991","PARKER-HANNIFIN CORPORATION","GAS TURBINE FUEL SYSTEMS DIVISION","004175550","PARKER-HANNIFIN CORPORATION","14 ROBBINS POND RD","DEVENS","MA","Massachusetts","014345641","05","For-Profit Organization,Manufacturer of Goods","DEVENS","MA","Massachusetts","014345641","05","Firm Fixed Price",NA,NA,NA,NA,NA,NA,NA,NA,NA,NA,2019-02-22 14:16:15
NA,NA,"97AE","DEFENSE ADVANCED RESEARCH PROJECTS AGENCY  (DARPA)","HR0011","DEF ADVANCED RESEARCH PROJECTS AGCY","97AE","DEFENSE ADVANCED RESEARCH PROJECTS AGENCY  (DARPA)","HR0011","DEF ADVANCED RESEARCH PROJECTS AGCY","RAYTHEON COMPANY","001344142","RAYTHEON TECHNOLOGIES CORPORATION",NA,"15090 Tucson, AZ",857569367,"03","HYPERSONIC AIR BREAT","9cc566b9e1dd74484ffd626aba55c80e",2020,10,"4201653435",439350,2018-02-02,2018,"002742497","UNI-CAST, INC.",NA,NA,NA,"11 INDUSTRIAL DR","LONDONDERRY","NH","New Hampshire","030532011","01","For-Profit Organization,Manufacturer of Goods","LONDONDERRY","NH","New Hampshire","030532011","01","Alum Invest Casting, NRE - Engineering, NRE - Other.",NA,NA,NA,NA,NA,NA,NA,NA,NA,NA,2020-11-17 10:56:12
NA,NA,"97AE","DEFENSE ADVANCED RESEARCH PROJECTS AGENCY  (DARPA)","HR0011","DEF ADVANCED RESEARCH PROJECTS AGCY","97AE","DEFENSE ADVANCED RESEARCH PROJECTS AGENCY  (DARPA)","HR0011","DEF ADVANCED RESEARCH PROJECTS AGCY","RAYTHEON COMPANY","001344142","RAYTHEON TECHNOLOGIES CORPORATION","For-Profit Organization,Manufacturer of Goods","15090 Tucson, AZ",857569367,"03","HYPERSONIC AIR BREAT","3969f7c16051e43a4663fc4a20da4d12",2021,10,"4201653435",439350,2018-02-02,2018,"002742497","UNI-CAST, LLC",NA,NA,NA,"11 INDUSTRIAL DR","LONDONDERRY","NH","New Hampshire","030532011","01","For-Profit Organization,Limited Liability Company","LONDONDERRY","NH","New Hampshire","030532011","01","Alum Invest Casting, NRE - Engineering, NRE - Other.",NA,NA,NA,NA,NA,NA,NA,NA,NA,NA,2021-11-16 13:35:00
NA,NA,"97AE","DEFENSE ADVANCED RESEARCH PROJECTS AGENCY  (DARPA)","HR0011","DEF ADVANCED RESEARCH PROJECTS AGCY","5700","DEPT OF THE AIR FORCE","F1TBPV","AFRL RWP","RAYTHEON COMPANY","001339159","RAYTHEON COMPANY",NA,"Tucson",857566100,"02","AMS: ADV PROGRAMS","7e300d5b9e9b4dca0d0fbe32d3a22138",2018,11,"4201837766",434734,2018-10-23,2019,"080242612","PACIFIC SCIENTIFIC ENERGETIC MATERIALS COMPANY (CALIFORNIA) LLC",NA,"080198742","Fortive Corporation","7073 W WILLIS RD STE 5002","CHANDLER","AZ","Arizona","852265166","07","For-Profit Organization,Limited Liability Company,Manufacturer of Goods","CHANDLER","AZ","Arizona","852265166","07","Firm Fixed Price",NA,NA,NA,NA,NA,NA,NA,NA,NA,NA,2018-12-14 17:39:50
NA,NA,"97AE","DEFENSE ADVANCED RESEARCH PROJECTS AGENCY  (DARPA)","HR0011","DEF ADVANCED RESEARCH PROJECTS AGCY","5700","DEPT OF THE AIR FORCE","F1TBPV","AFRL RWP","RAYTHEON COMPANY","001339159","RAYTHEON COMPANY",NA,"Tucson",857566100,"02","AMS: ADV PROGRAMS","459d9460224b00f59a0d5c8b430fda5d",2018,7,"4201753224",426576,2018-06-14,2018,"612074369","TELETRONICS TECHNOLOGY CORPORATION",NA,"002013522","CURTISS-WRIGHT CORPORATION","15 TERRY DR","NEWTOWN","PA","Pennsylvania","189401830","08","For-Profit Organization,Manufacturer of Goods","NEWTOWN","PA","Pennsylvania","189401830","08","Firm Fixed Price",NA,NA,NA,NA,NA,NA,NA,NA,NA,NA,2018-08-29 14:49:02
NA,NA,"97AE","DEFENSE ADVANCED RESEARCH PROJECTS AGENCY  (DARPA)","HR0011","DEF ADVANCED RESEARCH PROJECTS AGCY","97AE","DEFENSE ADVANCED RESEARCH PROJECTS AGENCY  (DARPA)","HR0011","DEF ADVANCED RESEARCH PROJECTS AGCY","RAYTHEON COMPANY","001339159","RAYTHEON COMPANY",NA,"Tucson",857566100,"02","AMS: ADV PROGRAMS","f2e89b75312c1ecb90729fd00edcd5d8",2017,12,"4201464966",418147,2017-02-24,2017,"062090931","TRI MODELS, INC.",NA,NA,NA,"5191 OCEANUS DR","HUNTINGTON BEACH","CA","California","926491026","46","For-Profit Organization,Manufacturer of Goods","HUNTINGTON BEACH","CA","California","926491026","46","Firm Fixed Price",NA,NA,NA,NA,NA,NA,NA,NA,NA,NA,2018-01-23 19:06:21
NA,NA,"97AE","DEFENSE ADVANCED RESEARCH PROJECTS AGENCY  (DARPA)","HR0011","DEF ADVANCED RESEARCH PROJECTS AGCY","5700","DEPT OF THE AIR FORCE","F1TBPV","AFRL RWP","RAYTHEON COMPANY","001339159","RAYTHEON COMPANY",NA,"Tucson",857566100,"02","AMS: ADV PROGRAMS","813c30bc44e1bea1e5e1ea73cf917ade",2018,6,"4201753224",409848,2018-06-14,2018,"612074369","TELETRONICS TECHNOLOGY CORPORATION",NA,"002013522","CURTISS-WRIGHT CORPORATION","15 TERRY DR","NEWTOWN","PA","Pennsylvania","189401830","08","For-Profit Organization,Manufacturer of Goods","NEWTOWN","PA","Pennsylvania","189401830","08","Firm Fixed Price",NA,NA,NA,NA,NA,NA,NA,NA,NA,NA,2018-07-09 19:26:13
NA,NA,"97AE","DEFENSE ADVANCED RESEARCH PROJECTS AGENCY  (DARPA)","HR0011","DEF ADVANCED RESEARCH PROJECTS AGCY","5700","DEPT OF THE AIR FORCE","F4FRQH","AFRL RQH         HIGH SPEED SYS DIV","RAYTHEON COMPANY","001339159","RAYTHEON COMPANY",NA,"Tucson",857566100,"02","AMS: ADV PROGRAMS; AMS:AAWS","39c95e9cbd4021984f1fc6bed0c7ca0d",2017,2,"4201462701",405000,2017-02-22,2017,"961642423","DESIGNLINX HARDWARE SOLUTIONS, LLC",NA,NA,NA,"47 TECHNOLOGY WAY STE 4E8","NASHUA","NH","New Hampshire","030603245","02","Contracts and Grants,For-Profit Organization,Limited Liability Company,Veteran Owned Business","NASHUA","NH","New Hampshire","030603245","02","Time & Material",NA,NA,NA,NA,NA,NA,NA,NA,NA,NA,2017-03-30 15:36:30
NA,NA,"97AE","DEFENSE ADVANCED RESEARCH PROJECTS AGENCY  (DARPA)","HR0011","DEF ADVANCED RESEARCH PROJECTS AGCY","97AE","DEFENSE ADVANCED RESEARCH PROJECTS AGENCY  (DARPA)","HR0011","DEF ADVANCED RESEARCH PROJECTS AGCY","RAYTHEON COMPANY","001344142","RAYTHEON TECHNOLOGIES CORPORATION",NA,"15090 Tucson, AZ",857569367,"03","HYPERSONIC AIR BREAT","9cc566b9e1dd74484ffd626aba55c80e",2020,10,"4201462701",403204,2017-02-23,2017,"039418750","DESIGNLINX HARDWARE SOLUTIONS, INC.",NA,NA,NA,"47 TECHNOLOGY WAY","NASHUA","NH","New Hampshire","030603245","02","For-Profit Organization,S Corporation","NASHUA","NH","New Hampshire","030603245","02","Tech/Eng Services.",NA,NA,NA,NA,NA,NA,NA,NA,NA,NA,2020-11-17 10:56:12
NA,NA,"97AE","DEFENSE ADVANCED RESEARCH PROJECTS AGENCY  (DARPA)","HR0011","DEF ADVANCED RESEARCH PROJECTS AGCY","97AE","DEFENSE ADVANCED RESEARCH PROJECTS AGENCY  (DARPA)","HR0011","DEF ADVANCED RESEARCH PROJECTS AGCY","RAYTHEON COMPANY","001344142","RAYTHEON TECHNOLOGIES CORPORATION","For-Profit Organization,Manufacturer of Goods","15090 Tucson, AZ",857569367,"03","HYPERSONIC AIR BREAT","3969f7c16051e43a4663fc4a20da4d12",2021,10,"4201462701",403204,2017-02-23,2017,"039418750","DESIGNLINX HARDWARE SOLUTIONS, INC.",NA,NA,NA,"47 TECHNOLOGY WAY","NASHUA","NH","New Hampshire","030603245","02","For-Profit Organization,S Corporation","NASHUA","NH","New Hampshire","030603245","02","Tech/Eng Services.",NA,NA,NA,NA,NA,NA,NA,NA,NA,NA,2021-11-16 13:35:00
NA,NA,"97AE","DEFENSE ADVANCED RESEARCH PROJECTS AGENCY  (DARPA)","HR0011","DEF ADVANCED RESEARCH PROJECTS AGCY","97AE","DEFENSE ADVANCED RESEARCH PROJECTS AGENCY  (DARPA)","HR0011","DEF ADVANCED RESEARCH PROJECTS AGCY","RAYTHEON COMPANY","001344142","RAYTHEON TECHNOLOGIES CORPORATION","For-Profit Organization,Manufacturer of Goods","15090 Tucson, AZ",857569367,"03","HYPERSONIC AIR BREAT","3969f7c16051e43a4663fc4a20da4d12",2021,10,"4201569198",401171,2017-09-11,2017,"196559991","PARKER-HANNIFIN CORPORATION","GAS TURBINE FUEL SYSTEMS DIVISION","004175550","PARKER-HANNIFIN CORPORATION","14 ROBBINS POND RD","DEVENS","MA","Massachusetts","014345641","03","For-Profit Organization,Manufacturer of Goods","DEVENS","MA","Massachusetts","014345641","03","NRE - Data Items, NRE - Engineering, NRE - Qualification, Pumps, Tech/Eng Services.",NA,NA,NA,NA,NA,NA,NA,NA,NA,NA,2021-11-16 13:35:00
NA,NA,"97AE","DEFENSE ADVANCED RESEARCH PROJECTS AGENCY  (DARPA)","HR0011","DEF ADVANCED RESEARCH PROJECTS AGCY","97AE","DEFENSE ADVANCED RESEARCH PROJECTS AGENCY  (DARPA)","HR0011","DEF ADVANCED RESEARCH PROJECTS AGCY","RAYTHEON COMPANY","001344142","RAYTHEON TECHNOLOGIES CORPORATION","For-Profit Organization,Manufacturer of Goods","15090 Tucson, AZ",857569367,"03","HYPERSONIC AIR BREAT","3969f7c16051e43a4663fc4a20da4d12",2021,10,"4201615035",398019,2017-11-03,2018,"004953852","PCC STRUCTURALS, INC.","PCC SCHLOSSER","001024314","BERKSHIRE HATHAWAY INC.","345 NE HEMLOCK AVE","REDMOND","OR","Oregon","977561430","02","Contracts,For-Profit Organization,Manufacturer of Goods","REDMOND","OR","Oregon","977561430","02","NRE - Engineering, Titanium Invest Cast.",NA,NA,NA,NA,NA,NA,NA,NA,NA,NA,2021-11-16 13:35:00
NA,NA,"97AE","DEFENSE ADVANCED RESEARCH PROJECTS AGENCY  (DARPA)","HR0011","DEF ADVANCED RESEARCH PROJECTS AGCY","97AE","DEFENSE ADVANCED RESEARCH PROJECTS AGENCY  (DARPA)","HR0011","DEF ADVANCED RESEARCH PROJECTS AGCY","RAYTHEON COMPANY","001344142","RAYTHEON TECHNOLOGIES CORPORATION",NA,"15090 Tucson, AZ",857569367,"03","HYPERSONIC AIR BREAT","9cc566b9e1dd74484ffd626aba55c80e",2020,10,"4201615035",398019,2017-11-03,2018,"004953852","PCC STRUCTURALS, INC.","PCC SCHLOSSER","001024314","BERKSHIRE HATHAWAY INC.","345 NE HEMLOCK AVE","REDMOND","OR","Oregon","977561430","02","Contracts,For-Profit Organization,Manufacturer of Goods","REDMOND","OR","Oregon","977561430","02","NRE - Engineering, Titanium Invest Cast.",NA,NA,NA,NA,NA,NA,NA,NA,NA,NA,2020-11-17 10:56:12
NA,NA,"97AE","DEFENSE ADVANCED RESEARCH PROJECTS AGENCY  (DARPA)","HR0011","DEF ADVANCED RESEARCH PROJECTS AGCY","97AE","DEFENSE ADVANCED RESEARCH PROJECTS AGENCY  (DARPA)","HR0011","DEF ADVANCED RESEARCH PROJECTS AGCY","RAYTHEON COMPANY","001339159","RAYTHEON COMPANY",NA,"Tucson",857566100,"02","AMS: ADV PROGRAMS","86b933b8e050b32580d08734acd6e4d8",2019,4,"4201653435",377000,2018-01-15,2018,"002742497","UNI-CAST, INC.",NA,NA,NA,"11 INDUSTRIAL DR","LONDONDERRY","NH","New Hampshire","030532011","01","For-Profit Organization,Manufacturer of Goods","LONDONDERRY","NH","New Hampshire","030532011","01","Firm Fixed Price",NA,NA,NA,NA,NA,NA,NA,NA,NA,NA,2019-05-08 15:37:59
NA,NA,"97AE","DEFENSE ADVANCED RESEARCH PROJECTS AGENCY  (DARPA)","HR0011","DEF ADVANCED RESEARCH PROJECTS AGCY","5700","DEPT OF THE AIR FORCE","F4FRQH","AFRL RQH         HIGH SPEED SYS DIV","RAYTHEON COMPANY","001339159","RAYTHEON COMPANY",NA,"Tucson",857566100,"02","AMS: ADV PROGRAMS; AMS:AAWS","39c95e9cbd4021984f1fc6bed0c7ca0d",2017,2,"4201464377",356444,2017-02-24,2017,"803209782","ORBITAL SCIENCES CORPORATION","LAUNCH VEHICLES DIVISION","618705925","ORBITAL ATK, INC.","3380 S PRICE RD","CHANDLER","AZ","Arizona","852483534","06","For-Profit Organization","CHANDLER","AZ","Arizona","852483534","06","Cost Plus Fixed Fee",NA,NA,NA,NA,NA,NA,NA,NA,NA,NA,2017-03-30 15:36:30
NA,NA,"97AE","DEFENSE ADVANCED RESEARCH PROJECTS AGENCY  (DARPA)","HR0011","DEF ADVANCED RESEARCH PROJECTS AGCY","5700","DEPT OF THE AIR FORCE","F1TBPV","AFRL RWP","RAYTHEON COMPANY","001339159","RAYTHEON COMPANY",NA,"Tucson",857566100,"02","AMS: ADV PROGRAMS","0aa44d99040d2bd25dfbb456d82a4dd5",2018,4,"4201653435",356100,2018-01-15,2018,"002742497","UNI-CAST, INC.",NA,NA,NA,"11 INDUSTRIAL DR","LONDONDERRY","NH","New Hampshire","030532011","01","For-Profit Organization,Manufacturer of Goods","LONDONDERRY","NH","New Hampshire","030532011","01","Firm Fixed Price",NA,NA,NA,NA,NA,NA,NA,NA,NA,NA,2018-05-29 19:33:11
NA,NA,"97AE","DEFENSE ADVANCED RESEARCH PROJECTS AGENCY  (DARPA)","HR0011","DEF ADVANCED RESEARCH PROJECTS AGCY","97AE","DEFENSE ADVANCED RESEARCH PROJECTS AGENCY  (DARPA)","HR0011","DEF ADVANCED RESEARCH PROJECTS AGCY","RAYTHEON COMPANY","001344142","RAYTHEON TECHNOLOGIES CORPORATION",NA,"15090 Tucson, AZ",857569367,"03","HYPERSONIC AIR BREAT","9cc566b9e1dd74484ffd626aba55c80e",2020,10,"4202166667",352687,2020-03-26,2020,"080242612","PACIFIC SCIENTIFIC ENERGETIC MATERIALS COMPANY (CALIFORNIA) LLC",NA,"080198742","Fortive Corporation","7073 W WILLIS RD STE 5002","CHANDLER","AZ","Arizona","852265166","07","For-Profit Organization,Limited Liability Company,Manufacturer of Goods","CHANDLER","AZ","Arizona","852265111","07","NRE - Other.",NA,NA,NA,NA,NA,NA,NA,NA,NA,NA,2020-11-17 10:56:12
NA,NA,"97AE","DEFENSE ADVANCED RESEARCH PROJECTS AGENCY  (DARPA)","HR0011","DEF ADVANCED RESEARCH PROJECTS AGCY","97AE","DEFENSE ADVANCED RESEARCH PROJECTS AGENCY  (DARPA)","HR0011","DEF ADVANCED RESEARCH PROJECTS AGCY","RAYTHEON COMPANY","001344142","RAYTHEON TECHNOLOGIES CORPORATION","For-Profit Organization,Manufacturer of Goods","15090 Tucson, AZ",857569367,"03","HYPERSONIC AIR BREAT","3969f7c16051e43a4663fc4a20da4d12",2021,10,"4202166667",352687,2020-03-26,2020,"080242612","PACIFIC SCIENTIFIC ENERGETIC MATERIALS COMPANY (CALIFORNIA) LLC",NA,"080198742","Fortive Corporation","7073 W WILLIS RD STE 5002","CHANDLER","AZ","Arizona","852265166","01","For-Profit Organization,Limited Liability Company,Manufacturer of Goods","CHANDLER","AZ","Arizona","852265111","07","NRE - Other.",NA,NA,NA,NA,NA,NA,NA,NA,NA,NA,2021-11-16 13:35:00
NA,NA,"97AE","DEFENSE ADVANCED RESEARCH PROJECTS AGENCY  (DARPA)","HR0011","DEF ADVANCED RESEARCH PROJECTS AGCY","5700","DEPT OF THE AIR FORCE","F1TBAX","AFRL RW","RAYTHEON COMPANY","001339159","RAYTHEON COMPANY",NA,"Tucson",857566100,"02","AMS: ADV PROGRAMS","3113bab7e9e914995348650434b4ae6a",2019,3,"4201778973",350664,2018-06-25,2018,"364015917","HERLEY INDUSTRIES, INC.","ULTRA ELECTRONICS HERLEY","349084822","ULTRA ELECTRONICS HOLDINGS PLC","3061 INDUSTRY DR","LANCASTER","PA","Pennsylvania","176034025","16","For-Profit Organization,Foreign Owned and Located,Manufacturer of Goods","LANCASTER","PA","Pennsylvania","176034025","16","Firm Fixed Price",NA,NA,NA,NA,NA,NA,NA,NA,NA,NA,2019-04-02 20:24:02
NA,NA,"97AE","DEFENSE ADVANCED RESEARCH PROJECTS AGENCY  (DARPA)","HR0011","DEF ADVANCED RESEARCH PROJECTS AGCY","97AE","DEFENSE ADVANCED RESEARCH PROJECTS AGENCY  (DARPA)","HR0011","DEF ADVANCED RESEARCH PROJECTS AGCY","RAYTHEON COMPANY","001344142","RAYTHEON TECHNOLOGIES CORPORATION","For-Profit Organization,Manufacturer of Goods","15090 Tucson, AZ",857569367,"03","HYPERSONIC AIR BREAT","3969f7c16051e43a4663fc4a20da4d12",2021,10,"4201500512",338484,2017-05-02,2017,"826534286","MICRO CRAFT, INC.",NA,NA,NA,"207 BIG SPRINGS AVE","TULLAHOMA","TN","Tennessee","373883390","06","For-Profit Organization,S Corporation","TULLAHOMA","TN","Tennessee","373883390","06","Tech/Eng Services.",NA,NA,NA,NA,NA,NA,NA,NA,NA,NA,2021-11-16 13:35:00
NA,NA,"97AE","DEFENSE ADVANCED RESEARCH PROJECTS AGENCY  (DARPA)","HR0011","DEF ADVANCED RESEARCH PROJECTS AGCY","97AE","DEFENSE ADVANCED RESEARCH PROJECTS AGENCY  (DARPA)","HR0011","DEF ADVANCED RESEARCH PROJECTS AGCY","RAYTHEON COMPANY","001344142","RAYTHEON TECHNOLOGIES CORPORATION",NA,"15090 Tucson, AZ",857569367,"03","HYPERSONIC AIR BREAT","9cc566b9e1dd74484ffd626aba55c80e",2020,10,"4201500512",338484,2017-05-02,2017,"826534286","MICRO CRAFT, INC.",NA,NA,NA,"207 BIG SPRINGS AVE","TULLAHOMA","TN","Tennessee","373883390","04","For-Profit Organization,S Corporation","TULLAHOMA","TN","Tennessee","373883390","04","Tech/Eng Services.",NA,NA,NA,NA,NA,NA,NA,NA,NA,NA,2020-11-17 10:56:12
NA,NA,"97AE","DEFENSE ADVANCED RESEARCH PROJECTS AGENCY  (DARPA)","HR0011","DEF ADVANCED RESEARCH PROJECTS AGCY","97AE","DEFENSE ADVANCED RESEARCH PROJECTS AGENCY  (DARPA)","HR0011","DEF ADVANCED RESEARCH PROJECTS AGCY","RAYTHEON COMPANY","001339159","RAYTHEON COMPANY",NA,"Tucson",857566100,"02","AMS: ADV PROGRAMS","f2e89b75312c1ecb90729fd00edcd5d8",2017,12,"4201463579",323145,2017-02-23,2017,"039119057","ENSIGN-BICKFORD AEROSPACE & DEFENSE COMPANY","EBA&D","058509654","Ensign-Bickford Industries, Inc.","640 HOPMEADOW ST","SIMSBURY","CT","Connecticut","060702420","05","Contracts and Grants,For-Profit Organization,Manufacturer of Goods","SIMSBURY","CT","Connecticut","060702420","05","Firm Fixed Price","Brendan M Walsh",477826,"Steven L Perkins",428276,"Daniel  Link",326637,"Gen O Defelice",301321,"Doug  Peterczak",255159,2018-01-23 19:06:21
NA,NA,"97AE","DEFENSE ADVANCED RESEARCH PROJECTS AGENCY  (DARPA)","HR0011","DEF ADVANCED RESEARCH PROJECTS AGCY","97AE","DEFENSE ADVANCED RESEARCH PROJECTS AGENCY  (DARPA)","HR0011","DEF ADVANCED RESEARCH PROJECTS AGCY","RAYTHEON COMPANY","001339159","RAYTHEON COMPANY",NA,"Tucson",857566100,"02","AMS: ADV PROGRAMS","3f50a58eb2c670f527a3d35288424bac",2017,11,"4201615035",321964,2017-11-02,2018,"004953852","PCC STRUCTURALS, INC.","PCC SCHLOSSER","001024314","BERKSHIRE HATHAWAY INC.","345 NE HEMLOCK AVE","REDMOND","OR","Oregon","977561430","02","Contracts,For-Profit Organization,Manufacturer of Goods","REDMOND","OR","Oregon","977561430","02","Firm Fixed Price",NA,NA,NA,NA,NA,NA,NA,NA,NA,NA,2017-12-21 17:06:06
NA,NA,"9763","DEFENSE CONTRACT MANAGEMENT AGENCY (DCMA)","S0305A","DCMA RAYTHEON TUCSON","97AE","DEFENSE ADVANCED RESEARCH PROJECTS AGENCY  (DARPA)","HR0011","DEF ADVANCED RESEARCH PROJECTS AGCY","RAYTHEON COMPANY","001339159","RAYTHEON COMPANY",NA,"Tucson",857569367,"03","AMS: ADV PROGRAMS","3f42e973b4518e391d9b610029bbbd7b",2019,5,"4201968776",314154,2019-05-01,2019,"832416932","DYNETICS TECHNICAL SOLUTIONS, INC.",NA,"075458455","DYNETICS, INC.","1051 ENTERPRISE WAY","HUNTSVILLE","AL","Alabama","358062730","05","For-Profit Organization,Manufacturer of Goods,S Corporation","HUNTSVILLE","AL","Alabama","358062730","05","Time & Material",NA,NA,NA,NA,NA,NA,NA,NA,NA,NA,2019-06-06 16:36:56
NA,NA,"97AE","DEFENSE ADVANCED RESEARCH PROJECTS AGENCY  (DARPA)","HR0011","DEF ADVANCED RESEARCH PROJECTS AGCY","97AE","DEFENSE ADVANCED RESEARCH PROJECTS AGENCY  (DARPA)","HR0011","DEF ADVANCED RESEARCH PROJECTS AGCY","RAYTHEON COMPANY","001344142","RAYTHEON TECHNOLOGIES CORPORATION",NA,"15090 Tucson, AZ",857569367,"03","HYPERSONIC AIR BREAT","9cc566b9e1dd74484ffd626aba55c80e",2020,10,"4201734176",297852,2018-05-16,2018,"958814345","ARCH GLOBAL PRECISION - HUNTINGDON VALLEY, LLC","JADE","050381243","The Jordan Company L P","3063 PHILMONT AVE","HUNTINGDON VALLEY","PA","Pennsylvania","190064243","13","For-Profit Organization,Limited Liability Company,Manufacturer of Goods","HUNTINGDON VALLEY","PA","Pennsylvania","190064243","13","FinsWings&Boattails.",NA,NA,NA,NA,NA,NA,NA,NA,NA,NA,2020-11-17 10:56:12
NA,NA,"97AE","DEFENSE ADVANCED RESEARCH PROJECTS AGENCY  (DARPA)","HR0011","DEF ADVANCED RESEARCH PROJECTS AGCY","97AE","DEFENSE ADVANCED RESEARCH PROJECTS AGENCY  (DARPA)","HR0011","DEF ADVANCED RESEARCH PROJECTS AGCY","RAYTHEON COMPANY","001344142","RAYTHEON TECHNOLOGIES CORPORATION","For-Profit Organization,Manufacturer of Goods","15090 Tucson, AZ",857569367,"03","HYPERSONIC AIR BREAT","3969f7c16051e43a4663fc4a20da4d12",2021,10,"4201734176",297852,2018-05-16,2018,"958814345","ARCH GLOBAL PRECISION - HUNTINGDON VALLEY, LLC","JADE","050381243","The Jordan Company L P","3063 PHILMONT AVE","HUNTINGDON VALLEY","PA","Pennsylvania","190064243","04","For-Profit Organization,Limited Liability Company,Manufacturer of Goods","HUNTINGDON VALLEY","PA","Pennsylvania","190064299","13","FinsWings&Boattails.",NA,NA,NA,NA,NA,NA,NA,NA,NA,NA,2021-11-16 13:35:00
NA,NA,"97AE","DEFENSE ADVANCED RESEARCH PROJECTS AGENCY  (DARPA)","HR0011","DEF ADVANCED RESEARCH PROJECTS AGCY","5700","DEPT OF THE AIR FORCE","F4FRQH","AFRL RQH         HIGH SPEED SYS DIV","RAYTHEON COMPANY","001339159","RAYTHEON COMPANY",NA,"Tucson",857566100,"02","AMS: ADV PROGRAMS","52c71e38b04ffded1ad9bbd19d37aa0e",2018,1,"4201653435",292100,2018-01-15,2018,"002742497","UNI-CAST, INC.",NA,NA,NA,"11 INDUSTRIAL DR","LONDONDERRY","NH","New Hampshire","030532011","01","For-Profit Organization,Manufacturer of Goods","LONDONDERRY","NH","New Hampshire","030532011","01","Firm Fixed Price",NA,NA,NA,NA,NA,NA,NA,NA,NA,NA,2018-02-15 14:22:36
NA,NA,"97AE","DEFENSE ADVANCED RESEARCH PROJECTS AGENCY  (DARPA)","HR0011","DEF ADVANCED RESEARCH PROJECTS AGCY","97AE","DEFENSE ADVANCED RESEARCH PROJECTS AGENCY  (DARPA)","HR0011","DEF ADVANCED RESEARCH PROJECTS AGCY","RAYTHEON COMPANY","001344142","RAYTHEON TECHNOLOGIES CORPORATION",NA,"15090 Tucson, AZ",857569367,"03","HYPERSONIC AIR BREAT","9cc566b9e1dd74484ffd626aba55c80e",2020,10,"4201680249",286176,2018-03-06,2018,"832416932","DYNETICS TECHNICAL SOLUTIONS, INC.",NA,"611641312","LEIDOS HOLDINGS, INC.","1051 ENTERPRISE WAY","HUNTSVILLE","AL","Alabama","358062730","05","For-Profit Organization,Manufacturer of Goods","HUNTSVILLE","AL","Alabama","358062730","05","Gen Structural Assys, NRE - Engineering.",NA,NA,NA,NA,NA,NA,NA,NA,NA,NA,2020-11-17 10:56:12
NA,NA,"97AE","DEFENSE ADVANCED RESEARCH PROJECTS AGENCY  (DARPA)","HR0011","DEF ADVANCED RESEARCH PROJECTS AGCY","97AE","DEFENSE ADVANCED RESEARCH PROJECTS AGENCY  (DARPA)","HR0011","DEF ADVANCED RESEARCH PROJECTS AGCY","RAYTHEON COMPANY","001344142","RAYTHEON TECHNOLOGIES CORPORATION","For-Profit Organization,Manufacturer of Goods","15090 Tucson, AZ",857569367,"03","HYPERSONIC AIR BREAT","3969f7c16051e43a4663fc4a20da4d12",2021,10,"4201680249",286176,2018-03-06,2018,"832416932","DYNETICS TECHNICAL SOLUTIONS, INC.",NA,"611641312","LEIDOS HOLDINGS, INC.","1051 ENTERPRISE WAY","HUNTSVILLE","AL","Alabama","358062730","05","For-Profit Organization,Manufacturer of Goods","HUNTSVILLE","AL","Alabama","358062730","05","Gen Structural Assys, NRE - Engineering.",NA,NA,NA,NA,NA,NA,NA,NA,NA,NA,2021-11-16 13:35:00
NA,NA,"97AE","DEFENSE ADVANCED RESEARCH PROJECTS AGENCY  (DARPA)","HR0011","DEF ADVANCED RESEARCH PROJECTS AGCY","5700","DEPT OF THE AIR FORCE","F1TBPV","AFRL RWP","RAYTHEON COMPANY","001339159","RAYTHEON COMPANY",NA,"Tucson",857566100,"02","AMS: ADV PROGRAMS","441300c7ccc1a1f9b076d845d9a3e3b5",2019,2,"4201595920",282200,2017-10-03,2018,"009566167","MARVIN ENGINEERING CO., INC.","MARVIN GROUP, THE","009566167","MARVIN ENGINEERING CO., INC.","261 W BEACH AVE","INGLEWOOD","CA","California","903022904","35","For-Profit Organization,Manufacturer of Goods,S Corporation","INGLEWOOD","CA","California","903022904","35","Firm Fixed Price",NA,NA,NA,NA,NA,NA,NA,NA,NA,NA,2019-03-14 19:42:09
NA,NA,"97AE","DEFENSE ADVANCED RESEARCH PROJECTS AGENCY  (DARPA)","HR0011","DEF ADVANCED RESEARCH PROJECTS AGCY","97AE","DEFENSE ADVANCED RESEARCH PROJECTS AGENCY  (DARPA)","HR0011","DEF ADVANCED RESEARCH PROJECTS AGCY","RAYTHEON COMPANY","001339159","RAYTHEON COMPANY",NA,"Tucson",857566100,"02","AMS: ADV PROGRAMS","f2e89b75312c1ecb90729fd00edcd5d8",2017,12,"4201532175",265477,2017-06-21,2017,"826534286","MICRO CRAFT, INC.",NA,NA,NA,"207 BIG SPRINGS AVE","TULLAHOMA","TN","Tennessee","373883390","04","For-Profit Organization,S Corporation","TULLAHOMA","TN","Tennessee","373883390","04","Time & Material",NA,NA,NA,NA,NA,NA,NA,NA,NA,NA,2018-01-23 19:06:21
NA,NA,"97AE","DEFENSE ADVANCED RESEARCH PROJECTS AGENCY  (DARPA)","HR0011","DEF ADVANCED RESEARCH PROJECTS AGCY","5700","DEPT OF THE AIR FORCE","F1TBPV","AFRL RWP","RAYTHEON COMPANY","001339159","RAYTHEON COMPANY",NA,"Tucson",857566100,"02","AMS: ADV PROGRAMS","09b96a0c1fbd9bd31c6a6769d605ed7f",2018,8,"4201727515",230976,2018-05-04,2018,"787085901","MORGAN ADVANCED CERAMICS, INC","M C","210207205","MORGAN ADVANCED MATERIALS PLC","2425 WHIPPLE RD","HAYWARD","CA","California","945447807","13","For-Profit Organization,Manufacturer of Goods","HAYWARD","CA","California","945447807","13","Firm Fixed Price",NA,NA,NA,NA,NA,NA,NA,NA,NA,NA,2018-09-27 16:43:27
NA,NA,"97AE","DEFENSE ADVANCED RESEARCH PROJECTS AGENCY  (DARPA)","HR0011","DEF ADVANCED RESEARCH PROJECTS AGCY","97AE","DEFENSE ADVANCED RESEARCH PROJECTS AGENCY  (DARPA)","HR0011","DEF ADVANCED RESEARCH PROJECTS AGCY","RAYTHEON COMPANY","001344142","RAYTHEON TECHNOLOGIES CORPORATION","For-Profit Organization,Manufacturer of Goods","15090 Tucson, AZ",857569367,"03","HYPERSONIC AIR BREAT","3969f7c16051e43a4663fc4a20da4d12",2021,10,"4201463167",230580,2017-02-23,2017,"080242612","PACIFIC SCIENTIFIC ENERGETIC MATERIALS COMPANY (CALIFORNIA) LLC",NA,"080198742","Fortive Corporation","7073 W WILLIS RD STE 5002","CHANDLER","AZ","Arizona","852265166","01","For-Profit Organization,Limited Liability Company,Manufacturer of Goods","CHANDLER","AZ","Arizona","852265111","07","Explosive Cut Device.",NA,NA,NA,NA,NA,NA,NA,NA,NA,NA,2021-11-16 13:35:00
NA,NA,"97AE","DEFENSE ADVANCED RESEARCH PROJECTS AGENCY  (DARPA)","HR0011","DEF ADVANCED RESEARCH PROJECTS AGCY","97AE","DEFENSE ADVANCED RESEARCH PROJECTS AGENCY  (DARPA)","HR0011","DEF ADVANCED RESEARCH PROJECTS AGCY","RAYTHEON COMPANY","001344142","RAYTHEON TECHNOLOGIES CORPORATION",NA,"15090 Tucson, AZ",857569367,"03","HYPERSONIC AIR BREAT","9cc566b9e1dd74484ffd626aba55c80e",2020,10,"4201463167",230580,2017-02-23,2017,"080242612","PACIFIC SCIENTIFIC ENERGETIC MATERIALS COMPANY (CALIFORNIA) LLC",NA,"080198742","Fortive Corporation","7073 W WILLIS RD STE 5002","CHANDLER","AZ","Arizona","852265166","07","For-Profit Organization,Limited Liability Company,Manufacturer of Goods","CHANDLER","AZ","Arizona","852265111","07","Explosive Cut Device.",NA,NA,NA,NA,NA,NA,NA,NA,NA,NA,2020-11-17 10:56:12
NA,NA,"97AE","DEFENSE ADVANCED RESEARCH PROJECTS AGENCY  (DARPA)","HR0011","DEF ADVANCED RESEARCH PROJECTS AGCY","5700","DEPT OF THE AIR FORCE","F4FRQH","AFRL RQH         HIGH SPEED SYS DIV","RAYTHEON COMPANY","001339159","RAYTHEON COMPANY",NA,"Tucson",857566100,"02","AMS: ADV PROGRAMS; AMS:AAWS","39c95e9cbd4021984f1fc6bed0c7ca0d",2017,2,"4201463167",230580,2017-02-22,2017,"080242612","PACIFIC SCIENTIFIC ENERGETIC MATERIALS COMPANY (CALIFORNIA) LLC",NA,"080198742","Fortive Corporation","7073 W WILLIS RD STE 5002","CHANDLER","AZ","Arizona","852265166","07","For-Profit Organization,Limited Liability Company,Manufacturer of Goods","CHANDLER","AZ","Arizona","852265166","07","Firm Fixed Price",NA,NA,NA,NA,NA,NA,NA,NA,NA,NA,2017-03-30 15:36:30
NA,NA,"97AE","DEFENSE ADVANCED RESEARCH PROJECTS AGENCY  (DARPA)","HR0011","DEF ADVANCED RESEARCH PROJECTS AGCY","97AE","DEFENSE ADVANCED RESEARCH PROJECTS AGENCY  (DARPA)","HR0011","DEF ADVANCED RESEARCH PROJECTS AGCY","RAYTHEON COMPANY","001339159","RAYTHEON COMPANY",NA,"Tucson",857566100,"02","AMS: ADV PROGRAMS","8a060156205515e8ffdd6d97796735d6",2017,8,"4201463579",229838,2017-02-23,2017,"039119057","ENSIGN-BICKFORD AEROSPACE & DEFENSE COMPANY","EBA&D","058509654","ENSIGN-BICKFORD INDUSTRIES, INC.","640 HOPMEADOW ST","SIMSBURY","CT","Connecticut","060702420","05","Contracts and Grants,For-Profit Organization,Manufacturer of Goods","SIMSBURY","CT","Connecticut","060702420","05","Firm Fixed Price","Brendan M Walsh",477826,"Steven L Perkins",428276,"Daniel  Link",326637,"Gen O Defelice",301321,"Doug  Peterczak",255159,2017-09-27 14:39:26
NA,NA,"97AE","DEFENSE ADVANCED RESEARCH PROJECTS AGENCY  (DARPA)","HR0011","DEF ADVANCED RESEARCH PROJECTS AGCY","5700","DEPT OF THE AIR FORCE","F1TBAX","AFRL RW","RAYTHEON COMPANY","001339159","RAYTHEON COMPANY",NA,"Tucson",857566100,"02","AMS: ADV PROGRAMS","3113bab7e9e914995348650434b4ae6a",2019,3,"4201655621",225291,2018-01-18,2018,"603030065","JANSEN'S AIRCRAFT SYSTEMS CONTROLS, INC.","JASC",NA,NA,"2303 W ALAMEDA DR","TEMPE","AZ","Arizona","852823102","05","For-Profit Organization,Manufacturer of Goods,Self-Certified Small Disadvantaged Business,Woman-Owned Business","TEMPE","AZ","Arizona","852823102","05","Cost Plus Fixed Fee",NA,NA,NA,NA,NA,NA,NA,NA,NA,NA,2019-04-02 20:24:02
NA,NA,"97AE","DEFENSE ADVANCED RESEARCH PROJECTS AGENCY  (DARPA)","HR0011","DEF ADVANCED RESEARCH PROJECTS AGCY","97AE","DEFENSE ADVANCED RESEARCH PROJECTS AGENCY  (DARPA)","HR0011","DEF ADVANCED RESEARCH PROJECTS AGCY","RAYTHEON COMPANY","001344142","RAYTHEON TECHNOLOGIES CORPORATION",NA,"15090 Tucson, AZ",857569367,"03","HYPERSONIC AIR BREAT","9cc566b9e1dd74484ffd626aba55c80e",2020,10,"4201778973",209036,2018-07-26,2018,"364015917","HERLEY INDUSTRIES, INC.","ULTRA ELECTRONICS HERLEY","349084822","ULTRA ELECTRONICS HOLDINGS PLC","3061 INDUSTRY DR","LANCASTER","PA","Pennsylvania","176034025","16","For-Profit Organization,Foreign Owned and Located,Manufacturer of Goods","LANCASTER","PA","Pennsylvania","176034025","16","NRE - Engineering, Receivers.",NA,NA,NA,NA,NA,NA,NA,NA,NA,NA,2020-11-17 10:56:12
NA,NA,"97AE","DEFENSE ADVANCED RESEARCH PROJECTS AGENCY  (DARPA)","HR0011","DEF ADVANCED RESEARCH PROJECTS AGCY","97AE","DEFENSE ADVANCED RESEARCH PROJECTS AGENCY  (DARPA)","HR0011","DEF ADVANCED RESEARCH PROJECTS AGCY","RAYTHEON COMPANY","001344142","RAYTHEON TECHNOLOGIES CORPORATION","For-Profit Organization,Manufacturer of Goods","15090 Tucson, AZ",857569367,"03","HYPERSONIC AIR BREAT","3969f7c16051e43a4663fc4a20da4d12",2021,10,"4201778973",209036,2018-07-26,2018,"364015917","HERLEY INDUSTRIES, INC.","ULTRA ELECTRONICS HERLEY","349084822","ULTRA ELECTRONICS HOLDINGS PLC","3061 INDUSTRY DR","LANCASTER","PA","Pennsylvania","176034025","16","For-Profit Organization,Foreign Owned and Located,Manufacturer of Goods","LANCASTER","PA","Pennsylvania","176034025","16","NRE - Engineering, Receivers.",NA,NA,NA,NA,NA,NA,NA,NA,NA,NA,2021-11-16 13:35:00
NA,NA,"97AE","DEFENSE ADVANCED RESEARCH PROJECTS AGENCY  (DARPA)","HR0011","DEF ADVANCED RESEARCH PROJECTS AGCY","5700","DEPT OF THE AIR FORCE","F1TBPV","AFRL RWP","RAYTHEON COMPANY","001339159","RAYTHEON COMPANY",NA,"Tucson",857566100,"02","AMS: ADV PROGRAMS","459d9460224b00f59a0d5c8b430fda5d",2018,7,"4201778973",209036,2018-07-25,2018,"364015917","HERLEY INDUSTRIES, INC.","ULTRA ELECTRONICS HERLEY","349084822","ULTRA ELECTRONICS HOLDINGS PLC","3061 INDUSTRY DR","LANCASTER","PA","Pennsylvania","176034025","16","For-Profit Organization,Foreign Owned and Located,Manufacturer of Goods","LANCASTER","PA","Pennsylvania","176034025","16","Firm Fixed Price",NA,NA,NA,NA,NA,NA,NA,NA,NA,NA,2018-08-29 14:49:02
NA,NA,"97AE","DEFENSE ADVANCED RESEARCH PROJECTS AGENCY  (DARPA)","HR0011","DEF ADVANCED RESEARCH PROJECTS AGCY","5700","DEPT OF THE AIR FORCE","F4FRQH","AFRL RQH         HIGH SPEED SYS DIV","RAYTHEON COMPANY","001339159","RAYTHEON COMPANY",NA,"Tucson",857566100,"02","AMS: ADV PROGRAMS","8288f670d571716168cc410b943b5d04",2017,10,"4201594687",203064,2017-10-02,2018,"788104334","EAGLEPICHER TECHNOLOGIES, LLC",NA,"556869238","Vectra Co.","C & PORTER ST","JOPLIN","MO","Missouri","64802","07","For-Profit Organization,Limited Liability Company,Manufacturer of Goods","JOPLIN","MO","Missouri","648020047","07","Firm Fixed Price",NA,NA,NA,NA,NA,NA,NA,NA,NA,NA,2017-11-29 17:44:48
"N: Emergency P.L. 116-136;Q: Excluded from tracking (uses non-emergency/non-disaster designated appropriations)",1105080.5,"97AE","DEFENSE ADVANCED RESEARCH PROJECTS AGENCY  (DARPA)","HR0011","DEF ADVANCED RESEARCH PROJECTS AGCY","97AE","DEFENSE ADVANCED RESEARCH PROJECTS AGENCY  (DARPA)","HR0011","DEF ADVANCED RESEARCH PROJECTS AGCY","RAYTHEON COMPANY","001339159","RAYTHEON COMPANY",NA,"15090 Tucson, AZ",857569367,"03","HYPERSONIC AIR BREAT","611afaf6f808e8b102b5dfe6824c8ca0",2020,9,"4202258633",199862,2020-09-18,2020,"780680976","ALLIANT TECHSYSTEMS OPERATIONS LLC",NA,"967356127","NORTHROP GRUMMAN CORPORATION","55 THIOKOL RD","ELKTON","MD","Maryland","219214755","01","For-Profit Organization,Manufacturer of Goods","ELKTON","MD","Maryland","219214755","01","NRE - Other.",NA,NA,NA,NA,NA,NA,NA,NA,NA,NA,2020-10-16 10:53:51
NA,NA,"97AE","DEFENSE ADVANCED RESEARCH PROJECTS AGENCY  (DARPA)","HR0011","DEF ADVANCED RESEARCH PROJECTS AGCY","97AE","DEFENSE ADVANCED RESEARCH PROJECTS AGENCY  (DARPA)","HR0011","DEF ADVANCED RESEARCH PROJECTS AGCY","RAYTHEON COMPANY","001344142","RAYTHEON TECHNOLOGIES CORPORATION",NA,"15090 Tucson, AZ",857569367,"03","HYPERSONIC AIR BREAT","9cc566b9e1dd74484ffd626aba55c80e",2020,10,"4202122492",198546,2020-01-06,2020,"006820633","CAID INDUSTRIES, INC",NA,"200427748","Samuel, Son & Co., Limited","2275 E GANLEY RD","TUCSON","AZ","Arizona","857064550","07","For-Profit Organization,Foreign Owned and Located,Manufacturer of Goods","TUCSON","AZ","Arizona","857064550","07","Metal Shp'g Containr.",NA,NA,NA,NA,NA,NA,NA,NA,NA,NA,2020-11-17 10:56:12
NA,NA,"97AE","DEFENSE ADVANCED RESEARCH PROJECTS AGENCY  (DARPA)","HR0011","DEF ADVANCED RESEARCH PROJECTS AGCY","97AE","DEFENSE ADVANCED RESEARCH PROJECTS AGENCY  (DARPA)","HR0011","DEF ADVANCED RESEARCH PROJECTS AGCY","RAYTHEON COMPANY","001344142","RAYTHEON TECHNOLOGIES CORPORATION","For-Profit Organization,Manufacturer of Goods","15090 Tucson, AZ",857569367,"03","HYPERSONIC AIR BREAT","3969f7c16051e43a4663fc4a20da4d12",2021,10,"4202122492",198546,2020-01-06,2020,"006820633","CAID INDUSTRIES, INC",NA,"200427748","Samuel, Son & Co., Limited","2275 E GANLEY RD","TUCSON","AZ","Arizona","857064550","03","For-Profit Organization,Foreign Owned and Located,Manufacturer of Goods","TUCSON","AZ","Arizona","857064550","03","Metal Shp'g Containr.",NA,NA,NA,NA,NA,NA,NA,NA,NA,NA,2021-11-16 13:35:00
"N: Emergency P.L. 116-136;Q: Excluded from tracking (uses non-emergency/non-disaster designated appropriations)",1105080.5,"97AE","DEFENSE ADVANCED RESEARCH PROJECTS AGENCY  (DARPA)","HR0011","DEF ADVANCED RESEARCH PROJECTS AGCY","97AE","DEFENSE ADVANCED RESEARCH PROJECTS AGENCY  (DARPA)","HR0011","DEF ADVANCED RESEARCH PROJECTS AGCY","RAYTHEON COMPANY","001344142","RAYTHEON TECHNOLOGIES CORPORATION","For-Profit Organization,Manufacturer of Goods","15090 Tucson, AZ",857569367,"03","HYPERSONIC AIR BREAT","3969f7c16051e43a4663fc4a20da4d12",2021,10,"4202258633",197547,2020-09-18,2020,"780680976","ALLIANT TECHSYSTEMS OPERATIONS LLC",NA,"967356127","NORTHROP GRUMMAN CORPORATION","55 THIOKOL RD","ELKTON","MD","Maryland","219214755","01","For-Profit Organization,Manufacturer of Goods","ELKTON","MD","Maryland","219214755","01","NRE - Other.",NA,NA,NA,NA,NA,NA,NA,NA,NA,NA,2021-11-16 13:35:00
"N: Emergency P.L. 116-136;Q: Excluded from tracking (uses non-emergency/non-disaster designated appropriations)",1105080.5,"97AE","DEFENSE ADVANCED RESEARCH PROJECTS AGENCY  (DARPA)","HR0011","DEF ADVANCED RESEARCH PROJECTS AGCY","97AE","DEFENSE ADVANCED RESEARCH PROJECTS AGENCY  (DARPA)","HR0011","DEF ADVANCED RESEARCH PROJECTS AGCY","RAYTHEON COMPANY","001344142","RAYTHEON TECHNOLOGIES CORPORATION",NA,"15090 Tucson, AZ",857569367,"03","HYPERSONIC AIR BREAT","9cc566b9e1dd74484ffd626aba55c80e",2020,10,"4202258633",197472,2020-09-18,2020,"780680976","ALLIANT TECHSYSTEMS OPERATIONS LLC",NA,"967356127","NORTHROP GRUMMAN CORPORATION","55 THIOKOL RD","ELKTON","MD","Maryland","219214755","01","For-Profit Organization,Manufacturer of Goods","ELKTON","MD","Maryland","219214755","01","NRE - Other.",NA,NA,NA,NA,NA,NA,NA,NA,NA,NA,2020-11-17 10:56:12
NA,NA,"97AE","DEFENSE ADVANCED RESEARCH PROJECTS AGENCY  (DARPA)","HR0011","DEF ADVANCED RESEARCH PROJECTS AGCY","97AE","DEFENSE ADVANCED RESEARCH PROJECTS AGENCY  (DARPA)","HR0011","DEF ADVANCED RESEARCH PROJECTS AGCY","RAYTHEON COMPANY","001339159","RAYTHEON COMPANY",NA,"Tucson",857566100,"02","AMS: ADV PROGRAMS","03b2184d5343366bc2fc8a6d433924b3",2018,10,"4201811956",194073,2018-09-16,2018,"080242612","PACIFIC SCIENTIFIC ENERGETIC MATERIALS COMPANY (CALIFORNIA) LLC",NA,"080198742","Fortive Corporation","7073 W WILLIS RD STE 5002","CHANDLER","AZ","Arizona","852265166","07","For-Profit Organization,Limited Liability Company,Manufacturer of Goods","CHANDLER","AZ","Arizona","852265166","07","Firm Fixed Price",NA,NA,NA,NA,NA,NA,NA,NA,NA,NA,2018-11-28 15:00:52
NA,NA,"97AE","DEFENSE ADVANCED RESEARCH PROJECTS AGENCY  (DARPA)","HR0011","DEF ADVANCED RESEARCH PROJECTS AGCY","97AE","DEFENSE ADVANCED RESEARCH PROJECTS AGENCY  (DARPA)","HR0011","DEF ADVANCED RESEARCH PROJECTS AGCY","RAYTHEON COMPANY","001344142","RAYTHEON TECHNOLOGIES CORPORATION","For-Profit Organization,Manufacturer of Goods","15090 Tucson, AZ",857569367,"03","HYPERSONIC AIR BREAT","3969f7c16051e43a4663fc4a20da4d12",2021,10,"4201983042",193949,2019-05-30,2019,"198722316","PORT ELECTRONICS CORPORATION",NA,NA,NA,"60 ISLAND ST STE 306","LAWRENCE","MA","Massachusetts","018401835","03","Economically Disadvantaged Women-Owned Small Business,For-Profit Organization,Minority-Owned business,Native American Owned,SBA Certified Hub Zone Firm,Self-Certified Small Disadvantaged Business,Service Disabled Veteran Owned,Veteran Owned Business,Woman-Owned Business","LAWRENCE","MA","Massachusetts","018401835","03","Missile Antenna &Ped.","Louise J Elliott",694999,"Denise A Jones",411000,"Robert W Wentworth",330000,"Maureen D Confalone",235000,"Karilyn  Crompton",115296,2021-11-16 13:35:00
NA,NA,"97AE","DEFENSE ADVANCED RESEARCH PROJECTS AGENCY  (DARPA)","HR0011","DEF ADVANCED RESEARCH PROJECTS AGCY","97AE","DEFENSE ADVANCED RESEARCH PROJECTS AGENCY  (DARPA)","HR0011","DEF ADVANCED RESEARCH PROJECTS AGCY","RAYTHEON COMPANY","001344142","RAYTHEON TECHNOLOGIES CORPORATION",NA,"15090 Tucson, AZ",857569367,"03","HYPERSONIC AIR BREAT","9cc566b9e1dd74484ffd626aba55c80e",2020,10,"4201983042",193949,2019-05-30,2019,"198722316","PORT ELECTRONICS CORPORATION",NA,NA,NA,"60 ISLAND ST STE 306","LAWRENCE","MA","Massachusetts","018401835","05","Economically Disadvantaged Women-Owned Small Business,For-Profit Organization,Minority-Owned business,Native American Owned,SBA Certified Hub Zone Firm,Self-Certified Small Disadvantaged Business,Service Disabled Veteran Owned,Veteran Owned Business,Woman-Owned Business","LAWRENCE","MA","Massachusetts","018401835","05","Missile Antenna &Ped.",NA,NA,NA,NA,NA,NA,NA,NA,NA,NA,2020-11-17 10:56:12
NA,NA,"97AE","DEFENSE ADVANCED RESEARCH PROJECTS AGENCY  (DARPA)","HR0011","DEF ADVANCED RESEARCH PROJECTS AGCY","97AE","DEFENSE ADVANCED RESEARCH PROJECTS AGENCY  (DARPA)","HR0011","DEF ADVANCED RESEARCH PROJECTS AGCY","RAYTHEON COMPANY","001344142","RAYTHEON TECHNOLOGIES CORPORATION",NA,"15090 Tucson, AZ",857569367,"03","HYPERSONIC AIR BREAT","9cc566b9e1dd74484ffd626aba55c80e",2020,10,"4201649660",192480,2018-02-06,2018,"029351079","MEASUREMENT SPECIALTIES, INC.","TE Connectivity","485203835","TE Connectivity Ltd.","1000 LUCAS WAY","HAMPTON","VA","Virginia","236661573","03","For-Profit Organization,Foreign Owned and Located,Manufacturer of Goods","HAMPTON","VA","Virginia","236661573","03","AlarmBuzzerSensor, EnvTestEq(Shock/etc).",NA,NA,NA,NA,NA,NA,NA,NA,NA,NA,2020-11-17 10:56:12
NA,NA,"97AE","DEFENSE ADVANCED RESEARCH PROJECTS AGENCY  (DARPA)","HR0011","DEF ADVANCED RESEARCH PROJECTS AGCY","97AE","DEFENSE ADVANCED RESEARCH PROJECTS AGENCY  (DARPA)","HR0011","DEF ADVANCED RESEARCH PROJECTS AGCY","RAYTHEON COMPANY","001344142","RAYTHEON TECHNOLOGIES CORPORATION","For-Profit Organization,Manufacturer of Goods","15090 Tucson, AZ",857569367,"03","HYPERSONIC AIR BREAT","3969f7c16051e43a4663fc4a20da4d12",2021,10,"4201649660",192480,2018-02-06,2018,"029351079","MEASUREMENT SPECIALTIES, INC.","TE Connectivity","485203835","TE Connectivity Ltd.","1000 LUCAS WAY","HAMPTON","VA","Virginia","236661573","03","For-Profit Organization,Foreign Owned and Located,Manufacturer of Goods","HAMPTON","VA","Virginia","236661573","03","AlarmBuzzerSensor, EnvTestEq(Shock/etc).",NA,NA,NA,NA,NA,NA,NA,NA,NA,NA,2021-11-16 13:35:00
NA,NA,"97AE","DEFENSE ADVANCED RESEARCH PROJECTS AGENCY  (DARPA)","HR0011","DEF ADVANCED RESEARCH PROJECTS AGCY","97AE","DEFENSE ADVANCED RESEARCH PROJECTS AGENCY  (DARPA)","HR0011","DEF ADVANCED RESEARCH PROJECTS AGCY","RAYTHEON COMPANY","001344142","RAYTHEON TECHNOLOGIES CORPORATION",NA,"15090 Tucson, AZ",857569367,"03","HYPERSONIC AIR BREAT","9cc566b9e1dd74484ffd626aba55c80e",2020,10,"4201727515",191588,2018-05-08,2018,"787085901","MORGAN ADVANCED CERAMICS, INC","M C","210207205","MORGAN ADVANCED MATERIALS PLC","2425 WHIPPLE RD","HAYWARD","CA","California","945447807","13","For-Profit Organization,Manufacturer of Goods","HAYWARD","CA","California","945447807","13","Missile Antenna &Ped, NRE - Engineering, NRE - Other.",NA,NA,NA,NA,NA,NA,NA,NA,NA,NA,2020-11-17 10:56:12
NA,NA,"97AE","DEFENSE ADVANCED RESEARCH PROJECTS AGENCY  (DARPA)","HR0011","DEF ADVANCED RESEARCH PROJECTS AGCY","97AE","DEFENSE ADVANCED RESEARCH PROJECTS AGENCY  (DARPA)","HR0011","DEF ADVANCED RESEARCH PROJECTS AGCY","RAYTHEON COMPANY","001344142","RAYTHEON TECHNOLOGIES CORPORATION","For-Profit Organization,Manufacturer of Goods","15090 Tucson, AZ",857569367,"03","HYPERSONIC AIR BREAT","3969f7c16051e43a4663fc4a20da4d12",2021,10,"4201727515",191588,2018-05-08,2018,"787085901","MORGAN ADVANCED CERAMICS, INC","M C","210207205","MORGAN ADVANCED MATERIALS PLC","2425 WHIPPLE RD","HAYWARD","CA","California","945447807","15","For-Profit Organization,Manufacturer of Goods","HAYWARD","CA","California","945447807","15","Missile Antenna &Ped, NRE - Engineering, NRE - Other.",NA,NA,NA,NA,NA,NA,NA,NA,NA,NA,2021-11-16 13:35:00
NA,NA,"97AE","DEFENSE ADVANCED RESEARCH PROJECTS AGENCY  (DARPA)","HR0011","DEF ADVANCED RESEARCH PROJECTS AGCY","5700","DEPT OF THE AIR FORCE","F1TBPV","AFRL RWP","RAYTHEON COMPANY","001339159","RAYTHEON COMPANY",NA,"Tucson",857566100,"02","AMS: ADV PROGRAMS","7e300d5b9e9b4dca0d0fbe32d3a22138",2018,11,"4201865561 0 06-Dec-18 45102274",189839,2018-11-30,2019,"045102274","DUCOMMUN LABARGE TECHNOLOGIES, INC.",NA,"006907042","Ducommun Incorporated","1505 S MAIDEN LN","JOPLIN","MO","Missouri","648013819","07","For-Profit Organization,Manufacturer of Goods","JOPLIN","MO","Missouri","648013819","07","Firm Fixed Price",NA,NA,NA,NA,NA,NA,NA,NA,NA,NA,2018-12-14 17:39:50
NA,NA,"97AE","DEFENSE ADVANCED RESEARCH PROJECTS AGENCY  (DARPA)","HR0011","DEF ADVANCED RESEARCH PROJECTS AGCY","97AE","DEFENSE ADVANCED RESEARCH PROJECTS AGENCY  (DARPA)","HR0011","DEF ADVANCED RESEARCH PROJECTS AGCY","RAYTHEON COMPANY","001344142","RAYTHEON TECHNOLOGIES CORPORATION","For-Profit Organization,Manufacturer of Goods","15090 Tucson, AZ",857569367,"03","HYPERSONIC AIR BREAT","3969f7c16051e43a4663fc4a20da4d12",2021,10,"4201594687",188342,2017-10-25,2018,"788104334","EAGLEPICHER TECHNOLOGIES, LLC",NA,"788104334","EAGLEPICHER TECHNOLOGIES, LLC","1215 WEST C ST","JOPLIN","MO","Missouri","648012816","07","For-Profit Organization,Limited Liability Company,Manufacturer of Goods","JOPLIN","MO","Missouri","648012816","07","Iron Batteries.","Richard  Hunter",616240,"Kurt  Bruenning",580340,"Chris  Huntington",445621,"Jon  Bagrosky",361566,"George  Cintra",359373,2021-11-16 13:35:00
NA,NA,"97AE","DEFENSE ADVANCED RESEARCH PROJECTS AGENCY  (DARPA)","HR0011","DEF ADVANCED RESEARCH PROJECTS AGCY","97AE","DEFENSE ADVANCED RESEARCH PROJECTS AGENCY  (DARPA)","HR0011","DEF ADVANCED RESEARCH PROJECTS AGCY","RAYTHEON COMPANY","001344142","RAYTHEON TECHNOLOGIES CORPORATION",NA,"15090 Tucson, AZ",857569367,"03","HYPERSONIC AIR BREAT","9cc566b9e1dd74484ffd626aba55c80e",2020,10,"4201594687",188342,2017-10-25,2018,"788104334","EAGLEPICHER TECHNOLOGIES, LLC",NA,"788104334","EAGLEPICHER TECHNOLOGIES, LLC","C & PORTER ST","JOPLIN","MO","Missouri","64801","07","For-Profit Organization,Limited Liability Company,Manufacturer of Goods","Joplin","MO","Missouri","648012816","07","Iron Batteries.","Gordon  Walker",587565,"Gary  McCloskey",346736,"Ronald  Nowlin",331263,"George  Cintra",316761,"Scott  Kidd",300665,2020-11-17 10:56:12
NA,NA,"97AE","DEFENSE ADVANCED RESEARCH PROJECTS AGENCY  (DARPA)","HR0011","DEF ADVANCED RESEARCH PROJECTS AGCY","5700","DEPT OF THE AIR FORCE","F4FRQH","AFRL RQH         HIGH SPEED SYS DIV","RAYTHEON COMPANY","001339159","RAYTHEON COMPANY",NA,"Tucson",857566100,"02","AMS: ADV PROGRAMS","8288f670d571716168cc410b943b5d04",2017,10,"4201595920",186300,2017-10-03,2018,"009566167","MARVIN ENGINEERING CO., INC.","MARVIN GROUP, THE","009566167","MARVIN ENGINEERING CO., INC.","261 W BEACH AVE","INGLEWOOD","CA","California","903022904","35","For-Profit Organization,Manufacturer of Goods,S Corporation","INGLEWOOD","CA","California","903022904","35","Firm Fixed Price",NA,NA,NA,NA,NA,NA,NA,NA,NA,NA,2017-11-29 17:44:48
NA,NA,"97AE","DEFENSE ADVANCED RESEARCH PROJECTS AGENCY  (DARPA)","HR0011","DEF ADVANCED RESEARCH PROJECTS AGCY","5700","DEPT OF THE AIR FORCE","F1TBPV","AFRL RWP","RAYTHEON COMPANY","001339159","RAYTHEON COMPANY",NA,"Tucson",857566100,"02","AMS: ADV PROGRAMS","09b96a0c1fbd9bd31c6a6769d605ed7f",2018,8,"4201768552",180147,2018-08-13,2018,"832416932","DYNETICS TECHNICAL SOLUTIONS, INC.",NA,"075458455","DYNETICS, INC.","1051 ENTERPRISE WAY","HUNTSVILLE","AL","Alabama","358062730","05","For-Profit Organization","HUNTSVILLE","AL","Alabama","358062730","05","Time & Material",NA,NA,NA,NA,NA,NA,NA,NA,NA,NA,2018-09-27 16:43:27
NA,NA,"97AE","DEFENSE ADVANCED RESEARCH PROJECTS AGENCY  (DARPA)","HR0011","DEF ADVANCED RESEARCH PROJECTS AGCY","97AE","DEFENSE ADVANCED RESEARCH PROJECTS AGENCY  (DARPA)","HR0011","DEF ADVANCED RESEARCH PROJECTS AGCY","RAYTHEON COMPANY","001344142","RAYTHEON TECHNOLOGIES CORPORATION","For-Profit Organization,Manufacturer of Goods","15090 Tucson, AZ",857569367,"03","HYPERSONIC AIR BREAT","3969f7c16051e43a4663fc4a20da4d12",2021,10,"4201817042",178652,2018-09-24,2018,"831282715","SPARTRONICS LOGAN, LLC",NA,"117651592","Ems Holdco, Inc.","750 EAST 1600 N","NORTH LOGAN","UT","Utah","843414103","01","For-Profit Organization,S Corporation","NORTH LOGAN","UT","Utah","843414103","01","Custom CCA's, NRE - Other.",NA,NA,NA,NA,NA,NA,NA,NA,NA,NA,2021-11-16 13:35:00
NA,NA,"97AE","DEFENSE ADVANCED RESEARCH PROJECTS AGENCY  (DARPA)","HR0011","DEF ADVANCED RESEARCH PROJECTS AGCY","97AE","DEFENSE ADVANCED RESEARCH PROJECTS AGENCY  (DARPA)","HR0011","DEF ADVANCED RESEARCH PROJECTS AGCY","RAYTHEON COMPANY","001339159","RAYTHEON COMPANY",NA,"Tucson",857566100,"02","AMS: ADV PROGRAMS","c5058a5fb384bb4dce6b6c8271869ac9",2018,9,"4201817042",178652,2018-09-24,2018,"831282715","INOVAR, INC.",NA,NA,NA,"750 EAST 1600 N","NORTH LOGAN","UT","Utah","84341","01","For-Profit Organization,S Corporation","LOGAN","UT","Utah","83128715","AL","Firm Fixed Price",NA,NA,NA,NA,NA,NA,NA,NA,NA,NA,2018-10-24 16:52:49
NA,NA,"97AE","DEFENSE ADVANCED RESEARCH PROJECTS AGENCY  (DARPA)","HR0011","DEF ADVANCED RESEARCH PROJECTS AGCY","97AE","DEFENSE ADVANCED RESEARCH PROJECTS AGENCY  (DARPA)","HR0011","DEF ADVANCED RESEARCH PROJECTS AGCY","RAYTHEON COMPANY","001344142","RAYTHEON TECHNOLOGIES CORPORATION",NA,"15090 Tucson, AZ",857569367,"03","HYPERSONIC AIR BREAT","9cc566b9e1dd74484ffd626aba55c80e",2020,10,"4201817042",178652,2018-09-24,2018,"831282715","INOVAR, INC.",NA,NA,NA,"750 EAST 1600 N","NORTH LOGAN","UT","Utah","843414103","01","For-Profit Organization,S Corporation","NORTH LOGAN","UT","Utah","843414103","01","Custom CCA's, NRE - Other.",NA,NA,NA,NA,NA,NA,NA,NA,NA,NA,2020-11-17 10:56:12
NA,NA,"97AE","DEFENSE ADVANCED RESEARCH PROJECTS AGENCY  (DARPA)","HR0011","DEF ADVANCED RESEARCH PROJECTS AGCY","97AE","DEFENSE ADVANCED RESEARCH PROJECTS AGENCY  (DARPA)","HR0011","DEF ADVANCED RESEARCH PROJECTS AGCY","RAYTHEON COMPANY","001344142","RAYTHEON TECHNOLOGIES CORPORATION","For-Profit Organization,Manufacturer of Goods","15090 Tucson, AZ",857569367,"03","HYPERSONIC AIR BREAT","3969f7c16051e43a4663fc4a20da4d12",2021,10,"4201595920",175330,2017-10-18,2018,"009566167","MARVIN ENGINEERING CO., INC.","MARVIN GROUP, THE","009566167","MARVIN ENGINEERING CO., INC.","261 W BEACH AVE","INGLEWOOD","CA","California","903022904","43","For-Profit Organization,Manufacturer of Goods,S Corporation","INGLEWOOD","CA","California","903022904","43","Gen Structural Assys.",NA,NA,NA,NA,NA,NA,NA,NA,NA,NA,2021-11-16 13:35:00
NA,NA,"97AE","DEFENSE ADVANCED RESEARCH PROJECTS AGENCY  (DARPA)","HR0011","DEF ADVANCED RESEARCH PROJECTS AGCY","97AE","DEFENSE ADVANCED RESEARCH PROJECTS AGENCY  (DARPA)","HR0011","DEF ADVANCED RESEARCH PROJECTS AGCY","RAYTHEON COMPANY","001344142","RAYTHEON TECHNOLOGIES CORPORATION",NA,"15090 Tucson, AZ",857569367,"03","HYPERSONIC AIR BREAT","9cc566b9e1dd74484ffd626aba55c80e",2020,10,"4201595920",175330,2017-10-18,2018,"009566167","MARVIN ENGINEERING CO., INC.","MARVIN GROUP, THE","009566167","MARVIN ENGINEERING CO., INC.","261 W BEACH AVE","INGLEWOOD","CA","California","903022904","35","For-Profit Organization,Manufacturer of Goods,S Corporation","INGLEWOOD","CA","California","903022904","35","Gen Structural Assys.",NA,NA,NA,NA,NA,NA,NA,NA,NA,NA,2020-11-17 10:56:12
NA,NA,"97AE","DEFENSE ADVANCED RESEARCH PROJECTS AGENCY  (DARPA)","HR0011","DEF ADVANCED RESEARCH PROJECTS AGCY","97AE","DEFENSE ADVANCED RESEARCH PROJECTS AGENCY  (DARPA)","HR0011","DEF ADVANCED RESEARCH PROJECTS AGCY","RAYTHEON COMPANY","001344142","RAYTHEON TECHNOLOGIES CORPORATION",NA,"15090 Tucson, AZ",857569367,"03","HYPERSONIC AIR BREAT","9cc566b9e1dd74484ffd626aba55c80e",2020,10,"4201626132",172884,2018-02-01,2018,"079735571","KEYSIGHT TECHNOLOGIES, INC.",NA,"079297662","KEYSIGHT TECHNOLOGIES, INC.","1900 GARDEN OF THE GODS RD","COLORADO SPRINGS","CO","Colorado","809073423","05","For-Profit Organization,Manufacturer of Goods","COLORADO SPRINGS","CO","Colorado","809073423","05","Test Equipment.",NA,NA,NA,NA,NA,NA,NA,NA,NA,NA,2020-11-17 10:56:12
NA,NA,"97AE","DEFENSE ADVANCED RESEARCH PROJECTS AGENCY  (DARPA)","HR0011","DEF ADVANCED RESEARCH PROJECTS AGCY","97AE","DEFENSE ADVANCED RESEARCH PROJECTS AGENCY  (DARPA)","HR0011","DEF ADVANCED RESEARCH PROJECTS AGCY","RAYTHEON COMPANY","001344142","RAYTHEON TECHNOLOGIES CORPORATION","For-Profit Organization,Manufacturer of Goods","15090 Tucson, AZ",857569367,"03","HYPERSONIC AIR BREAT","3969f7c16051e43a4663fc4a20da4d12",2021,10,"4201626132",172884,2018-02-01,2018,"079735571","KEYSIGHT TECHNOLOGIES, INC.",NA,"079297662","KEYSIGHT TECHNOLOGIES, INC.","1900 GARDEN OF THE GODS RD","COLORADO SPRINGS","CO","Colorado","809073423","05","For-Profit Organization,Manufacturer of Goods","COLORADO SPRINGS","CO","Colorado","809073423","05","Test Equipment.",NA,NA,NA,NA,NA,NA,NA,NA,NA,NA,2021-11-16 13:35:00
NA,NA,"97AE","DEFENSE ADVANCED RESEARCH PROJECTS AGENCY  (DARPA)","HR0011","DEF ADVANCED RESEARCH PROJECTS AGCY","97AE","DEFENSE ADVANCED RESEARCH PROJECTS AGENCY  (DARPA)","HR0011","DEF ADVANCED RESEARCH PROJECTS AGCY","RAYTHEON COMPANY","001339159","RAYTHEON COMPANY",NA,"Tucson",857566100,"02","AMS: ADV PROGRAMS","03b2184d5343366bc2fc8a6d433924b3",2018,10,"4201827072",171101,2018-10-08,2019,"079975806","PACIFIC SCIENTIFIC ENERGETIC MATERIALS COMPANY (CALIFORNIA) LLC","PACIFIC SCIENTIFIC","080198742","Fortive Corporation","3601 UNION RD","HOLLISTER","CA","California","950239635","17","For-Profit Organization,Limited Liability Company,Manufacturer of Goods","HOLLISTER","CA","California","950239635","17","Firm Fixed Price",NA,NA,NA,NA,NA,NA,NA,NA,NA,NA,2018-11-28 15:00:52
NA,NA,"97AE","DEFENSE ADVANCED RESEARCH PROJECTS AGENCY  (DARPA)","HR0011","DEF ADVANCED RESEARCH PROJECTS AGCY","5700","DEPT OF THE AIR FORCE","F4FRQH","AFRL RQH         HIGH SPEED SYS DIV","RAYTHEON COMPANY","001339159","RAYTHEON COMPANY",NA,"Tucson",857566100,"02","AMS: ADV PROGRAMS","52c71e38b04ffded1ad9bbd19d37aa0e",2018,1,"4201626132",170519,2017-11-18,2018,"058215778","KEYSIGHT TECHNOLOGIES, INC.",NA,"079297662","KEYSIGHT TECHNOLOGIES, INC.","9780 S MERIDIAN BLVD","ENGLEWOOD","CO","Colorado","801125910","06","For-Profit Organization,Manufacturer of Goods","ENGLEWOOD","CO","Colorado","801125910","06","Firm Fixed Price",NA,NA,NA,NA,NA,NA,NA,NA,NA,NA,2018-02-15 14:22:36
NA,NA,"97AE","DEFENSE ADVANCED RESEARCH PROJECTS AGENCY  (DARPA)","HR0011","DEF ADVANCED RESEARCH PROJECTS AGCY","97AE","DEFENSE ADVANCED RESEARCH PROJECTS AGENCY  (DARPA)","HR0011","DEF ADVANCED RESEARCH PROJECTS AGCY","RAYTHEON COMPANY","001339159","RAYTHEON COMPANY",NA,"Tucson",857566100,"02","AMS: ADV PROGRAMS","3f50a58eb2c670f527a3d35288424bac",2017,11,"4201626132",170519,2017-11-18,2018,"058215778","KEYSIGHT TECHNOLOGIES, INC.",NA,"079297662","KEYSIGHT TECHNOLOGIES, INC.","9780 S MERIDIAN BLVD","ENGLEWOOD","CO","Colorado","801125910","06","For-Profit Organization,Manufacturer of Goods","ENGLEWOOD","CO","Colorado","801125910","06","Firm Fixed Price",NA,NA,NA,NA,NA,NA,NA,NA,NA,NA,2017-12-21 17:06:06
NA,NA,"97AE","DEFENSE ADVANCED RESEARCH PROJECTS AGENCY  (DARPA)","HR0011","DEF ADVANCED RESEARCH PROJECTS AGCY","97AE","DEFENSE ADVANCED RESEARCH PROJECTS AGENCY  (DARPA)","HR0011","DEF ADVANCED RESEARCH PROJECTS AGCY","RAYTHEON COMPANY","001339159","RAYTHEON COMPANY",NA,"Tucson",857566100,"02","AMS: ADV PROGRAMS","b6539f59e65a9689ac55b644219dadb6",2018,2,"4201626132",170519,2017-11-18,2018,"058215778","KEYSIGHT TECHNOLOGIES, INC.",NA,"079297662","KEYSIGHT TECHNOLOGIES, INC.","9780 S MERIDIAN BLVD","ENGLEWOOD","CO","Colorado","801125910","06","For-Profit Organization,Manufacturer of Goods","ENGLEWOOD","CO","Colorado","801125910","06","Firm Fixed Price",NA,NA,NA,NA,NA,NA,NA,NA,NA,NA,2018-03-26 19:23:55
NA,NA,"97AE","DEFENSE ADVANCED RESEARCH PROJECTS AGENCY  (DARPA)","HR0011","DEF ADVANCED RESEARCH PROJECTS AGCY","97AE","DEFENSE ADVANCED RESEARCH PROJECTS AGENCY  (DARPA)","HR0011","DEF ADVANCED RESEARCH PROJECTS AGCY","RAYTHEON COMPANY","001339159","RAYTHEON COMPANY",NA,"Tucson",857566100,"02","AMS: ADV PROGRAMS","8911e3768865bb0ce8b2acf29575eeb1",2018,3,"4201626132",170519,2017-11-18,2018,"058215778","KEYSIGHT TECHNOLOGIES, INC.",NA,"079297662","KEYSIGHT TECHNOLOGIES, INC.","9780 S MERIDIAN BLVD","ENGLEWOOD","CO","Colorado","801125910","06","For-Profit Organization,Manufacturer of Goods","ENGLEWOOD","CO","Colorado","801125910","06","Firm Fixed Price",NA,NA,NA,NA,NA,NA,NA,NA,NA,NA,2018-04-23 20:03:10
NA,NA,"9763","DEFENSE CONTRACT MANAGEMENT AGENCY (DCMA)","S0305A","DCMA RAYTHEON TUCSON","97AE","DEFENSE ADVANCED RESEARCH PROJECTS AGENCY  (DARPA)","HR0011","DEF ADVANCED RESEARCH PROJECTS AGCY","RAYTHEON COMPANY","001339159","RAYTHEON COMPANY",NA,"Tucson",857569367,"03","AMS: ADV PROGRAMS","3f42e973b4518e391d9b610029bbbd7b",2019,5,"4201983042",168218,2019-05-23,2019,"198722316","PORT ELECTRONICS CORP.",NA,NA,NA,"45 NORTHWESTERN DR UNIT G","SALEM","NH","New Hampshire","030794809","02","Economically Disadvantaged Women-Owned Small Business,For-Profit Organization,Minority-Owned business,Native American Owned,Self-Certified Small Disadvantaged Business,Service Disabled Veteran Owned,Veteran Owned Business,Woman-Owned Business","SALEM","NH","New Hampshire","030794809","02","Firm Fixed Price",NA,NA,NA,NA,NA,NA,NA,NA,NA,NA,2019-06-06 16:36:56
NA,NA,"97AE","DEFENSE ADVANCED RESEARCH PROJECTS AGENCY  (DARPA)","HR0011","DEF ADVANCED RESEARCH PROJECTS AGCY","97AE","DEFENSE ADVANCED RESEARCH PROJECTS AGENCY  (DARPA)","HR0011","DEF ADVANCED RESEARCH PROJECTS AGCY","RAYTHEON COMPANY","001344142","RAYTHEON TECHNOLOGIES CORPORATION","For-Profit Organization,Manufacturer of Goods","15090 Tucson, AZ",857569367,"03","HYPERSONIC AIR BREAT","3969f7c16051e43a4663fc4a20da4d12",2021,10,"4201940407",165370,2019-03-22,2019,"198722316","PORT ELECTRONICS CORPORATION",NA,NA,NA,"60 ISLAND ST STE 306","LAWRENCE","MA","Massachusetts","018401835","03","Economically Disadvantaged Women-Owned Small Business,For-Profit Organization,Minority-Owned business,Native American Owned,SBA Certified Hub Zone Firm,Self-Certified Small Disadvantaged Business,Service Disabled Veteran Owned,Veteran Owned Business,Woman-Owned Business","LAWRENCE","MA","Massachusetts","018401835","03","Transducers.","Louise J Elliott",694999,"Denise A Jones",411000,"Robert W Wentworth",330000,"Maureen D Confalone",235000,"Karilyn  Crompton",115296,2021-11-16 13:35:00
NA,NA,"9763","DEFENSE CONTRACT MANAGEMENT AGENCY (DCMA)","S0305A","DCMA RAYTHEON TUCSON","97AE","DEFENSE ADVANCED RESEARCH PROJECTS AGENCY  (DARPA)","HR0011","DEF ADVANCED RESEARCH PROJECTS AGCY","RAYTHEON COMPANY","001339159","RAYTHEON COMPANY",NA,"Tucson",857569367,"03","AMS: ADV PROGRAMS","3f42e973b4518e391d9b610029bbbd7b",2019,5,"4201980083",162517,2019-05-20,2019,"048500888","SPACE VECTOR CORPORATION",NA,NA,NA,"9174 DEERING AVE","CHATSWORTH","CA","California","913115801","30","For-Profit Organization,Manufacturer of Goods","CHATSWORTH","CA","California","913115801","30","Firm Fixed Price",NA,NA,NA,NA,NA,NA,NA,NA,NA,NA,2019-06-06 16:36:56
NA,NA,"97AE","DEFENSE ADVANCED RESEARCH PROJECTS AGENCY  (DARPA)","HR0011","DEF ADVANCED RESEARCH PROJECTS AGCY","97AE","DEFENSE ADVANCED RESEARCH PROJECTS AGENCY  (DARPA)","HR0011","DEF ADVANCED RESEARCH PROJECTS AGCY","RAYTHEON COMPANY","001344142","RAYTHEON TECHNOLOGIES CORPORATION",NA,"15090 Tucson, AZ",857569367,"03","HYPERSONIC AIR BREAT","9cc566b9e1dd74484ffd626aba55c80e",2020,10,"4201980083",161022,2019-05-20,2019,"048500888","SPACE VECTOR CORPORATION",NA,NA,NA,"20520 NORDHOFF ST","CHATSWORTH","CA","California","913116113","27","For-Profit Organization,Manufacturer of Goods","CHATSWORTH","CA","California","913116113","27","Chargers, Lithium Batteries, NRE - Other.",NA,NA,NA,NA,NA,NA,NA,NA,NA,NA,2020-11-17 10:56:12
NA,NA,"97AE","DEFENSE ADVANCED RESEARCH PROJECTS AGENCY  (DARPA)","HR0011","DEF ADVANCED RESEARCH PROJECTS AGCY","97AE","DEFENSE ADVANCED RESEARCH PROJECTS AGENCY  (DARPA)","HR0011","DEF ADVANCED RESEARCH PROJECTS AGCY","RAYTHEON COMPANY","001344142","RAYTHEON TECHNOLOGIES CORPORATION","For-Profit Organization,Manufacturer of Goods","15090 Tucson, AZ",857569367,"03","HYPERSONIC AIR BREAT","3969f7c16051e43a4663fc4a20da4d12",2021,10,"4201980083",161022,2019-05-20,2019,"048500888","SPACE VECTOR CORPORATION",NA,NA,NA,"20520 NORDHOFF ST","CHATSWORTH","CA","California","913116113","30","For-Profit Organization,Manufacturer of Goods","CHATSWORTH","CA","California","913116113","30","Chargers, Lithium Batteries, NRE - Other.",NA,NA,NA,NA,NA,NA,NA,NA,NA,NA,2021-11-16 13:35:00
"N: Emergency P.L. 116-136;Q: Excluded from tracking (uses non-emergency/non-disaster designated appropriations)",1105080.5,"97AE","DEFENSE ADVANCED RESEARCH PROJECTS AGENCY  (DARPA)","HR0011","DEF ADVANCED RESEARCH PROJECTS AGCY","97AE","DEFENSE ADVANCED RESEARCH PROJECTS AGENCY  (DARPA)","HR0011","DEF ADVANCED RESEARCH PROJECTS AGCY","RAYTHEON COMPANY","001344142","RAYTHEON TECHNOLOGIES CORPORATION",NA,"15090 Tucson, AZ",857569367,"03","HYPERSONIC AIR BREAT","9cc566b9e1dd74484ffd626aba55c80e",2020,10,"4202256204",158935,2020-07-28,2020,"617275149","GRAY'S ENGINEERING & CONSULTING, INC.",NA,"248570236","CREATION TECHNOLOGIES INC","6014 S ASH AVE","TEMPE","AZ","Arizona","852832873","05","For-Profit Organization","TEMPE","AZ","Arizona","852832873","05","NRE - Other.",NA,NA,NA,NA,NA,NA,NA,NA,NA,NA,2020-11-17 10:56:12
NA,NA,"97AE","DEFENSE ADVANCED RESEARCH PROJECTS AGENCY  (DARPA)","HR0011","DEF ADVANCED RESEARCH PROJECTS AGCY","97AE","DEFENSE ADVANCED RESEARCH PROJECTS AGENCY  (DARPA)","HR0011","DEF ADVANCED RESEARCH PROJECTS AGCY","RAYTHEON COMPANY","001344142","RAYTHEON TECHNOLOGIES CORPORATION",NA,"15090 Tucson, AZ",857569367,"03","HYPERSONIC AIR BREAT","9cc566b9e1dd74484ffd626aba55c80e",2020,10,"4201940407",157776,2019-03-22,2019,"198722316","PORT ELECTRONICS CORPORATION",NA,NA,NA,"60 ISLAND ST STE 306","LAWRENCE","MA","Massachusetts","018401835","05","Economically Disadvantaged Women-Owned Small Business,For-Profit Organization,Minority-Owned business,Native American Owned,SBA Certified Hub Zone Firm,Self-Certified Small Disadvantaged Business,Service Disabled Veteran Owned,Veteran Owned Business,Woman-Owned Business","LAWRENCE","MA","Massachusetts","018401835","05","Transducers.",NA,NA,NA,NA,NA,NA,NA,NA,NA,NA,2020-11-17 10:56:12
"N: Emergency P.L. 116-136;Q: Excluded from tracking (uses non-emergency/non-disaster designated appropriations)",1105080.5,"97AE","DEFENSE ADVANCED RESEARCH PROJECTS AGENCY  (DARPA)","HR0011","DEF ADVANCED RESEARCH PROJECTS AGCY","97AE","DEFENSE ADVANCED RESEARCH PROJECTS AGENCY  (DARPA)","HR0011","DEF ADVANCED RESEARCH PROJECTS AGCY","RAYTHEON COMPANY","001344142","RAYTHEON TECHNOLOGIES CORPORATION","For-Profit Organization,Manufacturer of Goods","15090 Tucson, AZ",857569367,"03","HYPERSONIC AIR BREAT","3969f7c16051e43a4663fc4a20da4d12",2021,10,"4202312067",154168,2021-04-28,2021,"040707460","CORVID TECHNOLOGIES LLC",NA,"040707460","CORVID TECHNOLOGIES LLC","153 LANGTREE CAMPUS DR STE 401","MOORESVILLE","NC","North Carolina","281178723","10","For-Profit Organization,Limited Liability Company","MOORESVILLE","NC","North Carolina","281178723","10","NRE - Other.","David  Robinson",350000,"Edwin  Berna",325771,"N/A  N/A",NA,"N/A  N/A",NA,"N/A  N/A",NA,2021-11-16 13:35:00
"N: Emergency P.L. 116-136;Q: Excluded from tracking (uses non-emergency/non-disaster designated appropriations)",1105080.5,"97AE","DEFENSE ADVANCED RESEARCH PROJECTS AGENCY  (DARPA)","HR0011","DEF ADVANCED RESEARCH PROJECTS AGCY","97AE","DEFENSE ADVANCED RESEARCH PROJECTS AGENCY  (DARPA)","HR0011","DEF ADVANCED RESEARCH PROJECTS AGCY","RAYTHEON COMPANY","001344142","RAYTHEON TECHNOLOGIES CORPORATION",NA,"15090 Tucson, AZ",857569367,"03","HYPERSONIC AIR BREAT","1127b7332ad6ed39a62104f597df3f57",2021,4,"4202312067",154168,2021-04-28,2021,"040707460","CORVID TECHNOLOGIES LLC",NA,"040707460","CORVID TECHNOLOGIES LLC","153 LANGTREE CAMPUS DR STE 401","MOORESVILLE","NC","North Carolina","281178723","10","For-Profit Organization,Limited Liability Company","MOORESVILLE","NC","North Carolina","281178723","10","NRE - Other.","David  Robinson",350000,"Edwin  Berna",325771,"N/A  N/A",NA,"N/A  N/A",NA,"N/A  N/A",NA,2021-05-18 09:40:19
NA,NA,"97AE","DEFENSE ADVANCED RESEARCH PROJECTS AGENCY  (DARPA)","HR0011","DEF ADVANCED RESEARCH PROJECTS AGCY","97AE","DEFENSE ADVANCED RESEARCH PROJECTS AGENCY  (DARPA)","HR0011","DEF ADVANCED RESEARCH PROJECTS AGCY","RAYTHEON COMPANY","001344142","RAYTHEON TECHNOLOGIES CORPORATION",NA,"15090 Tucson, AZ",857569367,"03","HYPERSONIC AIR BREAT","9cc566b9e1dd74484ffd626aba55c80e",2020,10,"4201952106",152392,2019-04-11,2019,"788104334","EAGLEPICHER TECHNOLOGIES, LLC",NA,"788104334","EAGLEPICHER TECHNOLOGIES, LLC","C & PORTER ST","JOPLIN","MO","Missouri","64801","07","For-Profit Organization,Limited Liability Company,Manufacturer of Goods","Joplin","MO","Missouri","648012816","07","Iron Batteries, NRE - Other.","Gordon  Walker",587565,"Gary  McCloskey",346736,"Ronald  Nowlin",331263,"George  Cintra",316761,"Scott  Kidd",300665,2020-11-17 10:56:12
NA,NA,"97AE","DEFENSE ADVANCED RESEARCH PROJECTS AGENCY  (DARPA)","HR0011","DEF ADVANCED RESEARCH PROJECTS AGCY","97AE","DEFENSE ADVANCED RESEARCH PROJECTS AGENCY  (DARPA)","HR0011","DEF ADVANCED RESEARCH PROJECTS AGCY","RAYTHEON COMPANY","001339159","RAYTHEON COMPANY",NA,"Tucson",857566100,"02","AMS: ADV PROGRAMS","86b933b8e050b32580d08734acd6e4d8",2019,4,"4201952106",152392,2019-04-08,2019,"788104334","EAGLEPICHER TECHNOLOGIES, LLC",NA,"788104334","EAGLEPICHER TECHNOLOGIES, LLC","C & PORTER ST","JOPLIN","MO","Missouri","64801","07","For-Profit Organization,Limited Liability Company,Manufacturer of Goods","JOPLIN","MO","Missouri","648020047","07","Firm Fixed Price",NA,NA,NA,NA,NA,NA,NA,NA,NA,NA,2019-05-08 15:37:59
NA,NA,"97AE","DEFENSE ADVANCED RESEARCH PROJECTS AGENCY  (DARPA)","HR0011","DEF ADVANCED RESEARCH PROJECTS AGCY","97AE","DEFENSE ADVANCED RESEARCH PROJECTS AGENCY  (DARPA)","HR0011","DEF ADVANCED RESEARCH PROJECTS AGCY","RAYTHEON COMPANY","001344142","RAYTHEON TECHNOLOGIES CORPORATION","For-Profit Organization,Manufacturer of Goods","15090 Tucson, AZ",857569367,"03","HYPERSONIC AIR BREAT","3969f7c16051e43a4663fc4a20da4d12",2021,10,"4201952106",152392,2019-04-11,2019,"788104334","EAGLEPICHER TECHNOLOGIES, LLC",NA,"788104334","EAGLEPICHER TECHNOLOGIES, LLC","1215 WEST C ST","JOPLIN","MO","Missouri","648012816","07","For-Profit Organization,Limited Liability Company,Manufacturer of Goods","JOPLIN","MO","Missouri","648012816","07","Iron Batteries, NRE - Other.","Richard  Hunter",616240,"Kurt  Bruenning",580340,"Chris  Huntington",445621,"Jon  Bagrosky",361566,"George  Cintra",359373,2021-11-16 13:35:00
NA,NA,"97AE","DEFENSE ADVANCED RESEARCH PROJECTS AGENCY  (DARPA)","HR0011","DEF ADVANCED RESEARCH PROJECTS AGCY","5700","DEPT OF THE AIR FORCE","F1TBPV","AFRL RWP","RAYTHEON COMPANY","001339159","RAYTHEON COMPANY",NA,"Tucson",857566100,"02","AMS: ADV PROGRAMS","e618b73244017dd5d391eb57ba5d995c",2018,5,"4201735718",150880,2018-05-17,2018,"026249487","ALLCOMP INC.",NA,NA,NA,"209 PUENTE AVE","CITY OF INDUSTRY","CA","California","917462304","38","Asian-Pacific American Owned,For-Profit Organization,Manufacturer of Goods,Minority-Owned business,Self-Certified Small Disadvantaged Business","CITY OF INDUSTRY","CA","California","917462304","38","Firm Fixed Price",NA,NA,NA,NA,NA,NA,NA,NA,NA,NA,2018-06-28 16:30:37
NA,NA,"97AE","DEFENSE ADVANCED RESEARCH PROJECTS AGENCY  (DARPA)","HR0011","DEF ADVANCED RESEARCH PROJECTS AGCY","97AE","DEFENSE ADVANCED RESEARCH PROJECTS AGENCY  (DARPA)","HR0011","DEF ADVANCED RESEARCH PROJECTS AGCY","RAYTHEON COMPANY","001344142","RAYTHEON TECHNOLOGIES CORPORATION","For-Profit Organization,Manufacturer of Goods","15090 Tucson, AZ",857569367,"03","HYPERSONIC AIR BREAT","3969f7c16051e43a4663fc4a20da4d12",2021,10,"4201941573",149223,2019-03-26,2019,"016426298","DYTRAN INSTRUMENTS INC.",NA,NA,NA,"21592 MARILLA ST","CHATSWORTH","CA","California","913114137","30","For-Profit Organization,Manufacturer of Goods,S Corporation","CHATSWORTH","CA","California","913114137","30","Accelerometers, Amplifiers, Cable/CableAssyHV, Non-complex Machined.",NA,NA,NA,NA,NA,NA,NA,NA,NA,NA,2021-11-16 13:35:00
NA,NA,"97AE","DEFENSE ADVANCED RESEARCH PROJECTS AGENCY  (DARPA)","HR0011","DEF ADVANCED RESEARCH PROJECTS AGCY","97AE","DEFENSE ADVANCED RESEARCH PROJECTS AGENCY  (DARPA)","HR0011","DEF ADVANCED RESEARCH PROJECTS AGCY","RAYTHEON COMPANY","001344142","RAYTHEON TECHNOLOGIES CORPORATION",NA,"15090 Tucson, AZ",857569367,"03","HYPERSONIC AIR BREAT","9cc566b9e1dd74484ffd626aba55c80e",2020,10,"4201941573",149223,2019-03-26,2019,"016426298","DYTRAN INSTRUMENTS INC.",NA,NA,NA,"21592 MARILLA ST","CHATSWORTH","CA","California","913114137","30","For-Profit Organization,Manufacturer of Goods,S Corporation","CHATSWORTH","CA","California","913114137","30","Accelerometers, Amplifiers, Cable/CableAssyHV, Non-complex Machined.",NA,NA,NA,NA,NA,NA,NA,NA,NA,NA,2020-11-17 10:56:12
NA,NA,"97AE","DEFENSE ADVANCED RESEARCH PROJECTS AGENCY  (DARPA)","HR0011","DEF ADVANCED RESEARCH PROJECTS AGCY","5700","DEPT OF THE AIR FORCE","F1TBPV","AFRL RWP","RAYTHEON COMPANY","001339159","RAYTHEON COMPANY",NA,"Tucson",857566100,"02","AMS: ADV PROGRAMS","0aa44d99040d2bd25dfbb456d82a4dd5",2018,4,"4201680249",146203,2018-02-27,2018,"832416932","DYNETICS TECHNICAL SOLUTIONS, INC.",NA,"075458455","DYNETICS, INC.","1051 ENTERPRISE WAY","HUNTSVILLE","AL","Alabama","358062730","05","For-Profit Organization","HUNTSVILLE","AL","Alabama","358062730","05","Firm Fixed Price",NA,NA,NA,NA,NA,NA,NA,NA,NA,NA,2018-05-29 19:33:11
NA,NA,"9763","DEFENSE CONTRACT MANAGEMENT AGENCY (DCMA)","S0305A","DCMA RAYTHEON TUCSON","97AE","DEFENSE ADVANCED RESEARCH PROJECTS AGENCY  (DARPA)","HR0011","DEF ADVANCED RESEARCH PROJECTS AGCY","RAYTHEON COMPANY","001339159","RAYTHEON COMPANY",NA,"Tucson",857569367,"03","AMS: ADV PROGRAMS","3f42e973b4518e391d9b610029bbbd7b",2019,5,"4201655621",145786,2018-12-18,2019,"603030065","JANSEN'S AIRCRAFT SYSTEMS CONTROLS, INC.","JASC",NA,NA,"2303 W ALAMEDA DR","TEMPE","AZ","Arizona","852823102","05","For-Profit Organization,Manufacturer of Goods,Self-Certified Small Disadvantaged Business,Woman-Owned Business","TEMPE","AZ","Arizona","852823102","05","Cost Plus Fixed Fee",NA,NA,NA,NA,NA,NA,NA,NA,NA,NA,2019-06-06 16:36:56
NA,NA,"97AE","DEFENSE ADVANCED RESEARCH PROJECTS AGENCY  (DARPA)","HR0011","DEF ADVANCED RESEARCH PROJECTS AGCY","97AE","DEFENSE ADVANCED RESEARCH PROJECTS AGENCY  (DARPA)","HR0011","DEF ADVANCED RESEARCH PROJECTS AGCY","RAYTHEON COMPANY","001339159","RAYTHEON COMPANY",NA,"Tucson",857566100,"02","AMS: ADV PROGRAMS","327090cd6c3a7817b9e7f37905c74f30",2017,9,"4201565829",144600,2017-08-17,2017,"623422941","ADVANCED THERMAL BATTERIES INC.",NA,"772476479","ASB AEROSPATIALE BATTERIES","1231 INDEPENDENCE WY","WESTMINSTER","MD","Maryland","211573058","06","For-Profit Organization,Foreign Owned and Located,Manufacturer of Goods","WESTMINSTER","MD","Maryland","211573058","06","Firm Fixed Price",NA,NA,NA,NA,NA,NA,NA,NA,NA,NA,2017-10-31 20:29:03
NA,NA,"97AE","DEFENSE ADVANCED RESEARCH PROJECTS AGENCY  (DARPA)","HR0011","DEF ADVANCED RESEARCH PROJECTS AGCY","5700","DEPT OF THE AIR FORCE","F1TBPV","AFRL RWP","RAYTHEON COMPANY","001339159","RAYTHEON COMPANY",NA,"Tucson",857566100,"02","AMS: ADV PROGRAMS","0aa44d99040d2bd25dfbb456d82a4dd5",2018,4,"4201649660",143820,2018-01-08,2018,"029351079","MEASUREMENT SPECIALTIES, INC.",NA,"485203835","TE Connectivity Ltd.","1000 LUCAS WAY","HAMPTON","VA","Virginia","236661573","03","For-Profit Organization,Manufacturer of Goods","HAMPTON","VA","Virginia","236661573","03","Firm Fixed Price",NA,NA,NA,NA,NA,NA,NA,NA,NA,NA,2018-05-29 19:33:11
NA,NA,"97AE","DEFENSE ADVANCED RESEARCH PROJECTS AGENCY  (DARPA)","HR0011","DEF ADVANCED RESEARCH PROJECTS AGCY","97AE","DEFENSE ADVANCED RESEARCH PROJECTS AGENCY  (DARPA)","HR0011","DEF ADVANCED RESEARCH PROJECTS AGCY","RAYTHEON COMPANY","001339159","RAYTHEON COMPANY",NA,"Tucson",857566100,"02","AMS: ADV PROGRAMS","03b2184d5343366bc2fc8a6d433924b3",2018,10,"4201819272",143374,2018-09-26,2018,"062546176","COORSTEK, INC.",NA,"129673443","Keystone Holdings Group, LLC","16000 TABLE MOUNTAIN PKWY","GOLDEN","CO","Colorado","804031640","07","For-Profit Organization,Manufacturer of Goods,S Corporation","GOLDEN","CO","Colorado","804031693","07","Firm Fixed Price",NA,NA,NA,NA,NA,NA,NA,NA,NA,NA,2018-11-28 15:00:52
NA,NA,"97AE","DEFENSE ADVANCED RESEARCH PROJECTS AGENCY  (DARPA)","HR0011","DEF ADVANCED RESEARCH PROJECTS AGCY","97AE","DEFENSE ADVANCED RESEARCH PROJECTS AGENCY  (DARPA)","HR0011","DEF ADVANCED RESEARCH PROJECTS AGCY","RAYTHEON COMPANY","001339159","RAYTHEON COMPANY",NA,"Tucson",857566100,"02","AMS: ADV PROGRAMS","03b2184d5343366bc2fc8a6d433924b3",2018,10,"4201838692",143374,2018-10-24,2019,"062546176","COORSTEK, INC.",NA,"129673443","Keystone Holdings Group, LLC","16000 TABLE MOUNTAIN PKWY","GOLDEN","CO","Colorado","804031640","07","For-Profit Organization,Manufacturer of Goods,S Corporation","GOLDEN","CO","Colorado","804031693","07","Firm Fixed Price",NA,NA,NA,NA,NA,NA,NA,NA,NA,NA,2018-11-28 15:00:52
"N: Emergency P.L. 116-136;Q: Excluded from tracking (uses non-emergency/non-disaster designated appropriations)",1105080.5,"97AE","DEFENSE ADVANCED RESEARCH PROJECTS AGENCY  (DARPA)","HR0011","DEF ADVANCED RESEARCH PROJECTS AGCY","97AE","DEFENSE ADVANCED RESEARCH PROJECTS AGENCY  (DARPA)","HR0011","DEF ADVANCED RESEARCH PROJECTS AGCY","RAYTHEON COMPANY","001344142","RAYTHEON TECHNOLOGIES CORPORATION","For-Profit Organization,Manufacturer of Goods","15090 Tucson, AZ",857569367,"03","HYPERSONIC AIR BREAT","3969f7c16051e43a4663fc4a20da4d12",2021,10,"4202256204",140000,2020-07-28,2020,"617275149","GRAY'S ENGINEERING & CONSULTING, LLC",NA,"047952163","APPLIED TECHNICAL SERVICES, LLC","6014 S ASH AVE","TEMPE","AZ","Arizona","852832873","09","For-Profit Organization","TEMPE","AZ","Arizona","852832873","09","NRE - Other.",NA,NA,NA,NA,NA,NA,NA,NA,NA,NA,2021-11-16 13:35:00
NA,NA,"97AE","DEFENSE ADVANCED RESEARCH PROJECTS AGENCY  (DARPA)","HR0011","DEF ADVANCED RESEARCH PROJECTS AGCY","97AE","DEFENSE ADVANCED RESEARCH PROJECTS AGENCY  (DARPA)","HR0011","DEF ADVANCED RESEARCH PROJECTS AGCY","RAYTHEON COMPANY","001344142","RAYTHEON TECHNOLOGIES CORPORATION","For-Profit Organization,Manufacturer of Goods","15090 Tucson, AZ",857569367,"03","HYPERSONIC AIR BREAT","3969f7c16051e43a4663fc4a20da4d12",2021,10,"4201565829",136770,2017-09-14,2017,"623422941","ADVANCED THERMAL BATTERIES INC.",NA,"772476479","ASB AEROSPATIALE BATTERIES","1231 INDEPENDENCE WY","WESTMINSTER","MD","Maryland","211573058","08","For-Profit Organization,Foreign Owned and Located,Manufacturer of Goods","WESTMINSTER","MD","Maryland","211573058","08","Iron Batteries.",NA,NA,NA,NA,NA,NA,NA,NA,NA,NA,2021-11-16 13:35:00
NA,NA,"97AE","DEFENSE ADVANCED RESEARCH PROJECTS AGENCY  (DARPA)","HR0011","DEF ADVANCED RESEARCH PROJECTS AGCY","97AE","DEFENSE ADVANCED RESEARCH PROJECTS AGENCY  (DARPA)","HR0011","DEF ADVANCED RESEARCH PROJECTS AGCY","RAYTHEON COMPANY","001344142","RAYTHEON TECHNOLOGIES CORPORATION",NA,"15090 Tucson, AZ",857569367,"03","HYPERSONIC AIR BREAT","9cc566b9e1dd74484ffd626aba55c80e",2020,10,"4201565829",136770,2017-09-14,2017,"623422941","ADVANCED THERMAL BATTERIES INC.",NA,"772476479","ASB AEROSPATIALE BATTERIES","1231 INDEPENDENCE WY","WESTMINSTER","MD","Maryland","211573058","06","For-Profit Organization,Foreign Owned and Located,Manufacturer of Goods","WESTMINSTER","MD","Maryland","211573058","06","Iron Batteries.",NA,NA,NA,NA,NA,NA,NA,NA,NA,NA,2020-11-17 10:56:12
NA,NA,"97AE","DEFENSE ADVANCED RESEARCH PROJECTS AGENCY  (DARPA)","HR0011","DEF ADVANCED RESEARCH PROJECTS AGCY","5700","DEPT OF THE AIR FORCE","F1TBPV","AFRL RWP","RAYTHEON COMPANY","001339159","RAYTHEON COMPANY",NA,"Tucson",857566100,"02","AMS: ADV PROGRAMS","0aa44d99040d2bd25dfbb456d82a4dd5",2018,4,"4201693078",133920,2018-03-19,2018,"021649546","KIRSH MANUFACTURING, INC.","MERIT MANUFACTURING",NA,NA,"801 E 46TH ST","TUCSON","AZ","Arizona","857135007","07","Contracts,For-Profit Organization,Manufacturer of Goods,Minority-Owned business,Other than one of the preceding,S Corporation","TUCSON","AZ","Arizona","857135007","07","Firm Fixed Price",NA,NA,NA,NA,NA,NA,NA,NA,NA,NA,2018-05-29 19:33:11
NA,NA,"97AE","DEFENSE ADVANCED RESEARCH PROJECTS AGENCY  (DARPA)","HR0011","DEF ADVANCED RESEARCH PROJECTS AGCY","97AE","DEFENSE ADVANCED RESEARCH PROJECTS AGENCY  (DARPA)","HR0011","DEF ADVANCED RESEARCH PROJECTS AGCY","RAYTHEON COMPANY","001344142","RAYTHEON TECHNOLOGIES CORPORATION","For-Profit Organization,Manufacturer of Goods","15090 Tucson, AZ",857569367,"03","HYPERSONIC AIR BREAT","3969f7c16051e43a4663fc4a20da4d12",2021,10,"4201693078",133920,2018-03-22,2018,"021649546","KIRSH MANUFACTURING, INC.","MERIT MANUFACTURING",NA,NA,"801 E 46TH ST","TUCSON","AZ","Arizona","857135007","03","For-Profit Organization,Manufacturer of Goods,S Corporation","TUCSON","AZ","Arizona","857135007","03","Test Equipment.",NA,NA,NA,NA,NA,NA,NA,NA,NA,NA,2021-11-16 13:35:00
NA,NA,"97AE","DEFENSE ADVANCED RESEARCH PROJECTS AGENCY  (DARPA)","HR0011","DEF ADVANCED RESEARCH PROJECTS AGCY","97AE","DEFENSE ADVANCED RESEARCH PROJECTS AGENCY  (DARPA)","HR0011","DEF ADVANCED RESEARCH PROJECTS AGCY","RAYTHEON COMPANY","001344142","RAYTHEON TECHNOLOGIES CORPORATION",NA,"15090 Tucson, AZ",857569367,"03","HYPERSONIC AIR BREAT","9cc566b9e1dd74484ffd626aba55c80e",2020,10,"4201693078",133920,2018-03-22,2018,"021649546","KIRSH MANUFACTURING, INC.","MERIT MANUFACTURING",NA,NA,"801 E 46TH ST","TUCSON","AZ","Arizona","857135007","07","For-Profit Organization,Manufacturer of Goods,S Corporation","TUCSON","AZ","Arizona","857135007","07","Test Equipment.",NA,NA,NA,NA,NA,NA,NA,NA,NA,NA,2020-11-17 10:56:12
NA,NA,"97AE","DEFENSE ADVANCED RESEARCH PROJECTS AGENCY  (DARPA)","HR0011","DEF ADVANCED RESEARCH PROJECTS AGCY","5700","DEPT OF THE AIR FORCE","F1TBPV","AFRL RWP","RAYTHEON COMPANY","001339159","RAYTHEON COMPANY",NA,"Tucson",857566100,"02","AMS: ADV PROGRAMS","459d9460224b00f59a0d5c8b430fda5d",2018,7,"4201735718",132320,2018-05-17,2018,"026249487","ALLCOMP INC.",NA,NA,NA,"209 PUENTE AVE","CITY OF INDUSTRY","CA","California","917462304","38","Asian-Pacific American Owned,For-Profit Organization,Manufacturer of Goods,Minority-Owned business,Self-Certified Small Disadvantaged Business","CITY OF INDUSTRY","CA","California","917462304","38","Firm Fixed Price",NA,NA,NA,NA,NA,NA,NA,NA,NA,NA,2018-08-29 14:49:02
NA,NA,"97AE","DEFENSE ADVANCED RESEARCH PROJECTS AGENCY  (DARPA)","HR0011","DEF ADVANCED RESEARCH PROJECTS AGCY","97AE","DEFENSE ADVANCED RESEARCH PROJECTS AGENCY  (DARPA)","HR0011","DEF ADVANCED RESEARCH PROJECTS AGCY","RAYTHEON COMPANY","001344142","RAYTHEON TECHNOLOGIES CORPORATION",NA,"15090 Tucson, AZ",857569367,"03","HYPERSONIC AIR BREAT","9cc566b9e1dd74484ffd626aba55c80e",2020,10,"4202102990",126989,2019-11-27,2020,"185340130","AEROSPEC, INC.",NA,NA,NA,"505 E ALAMO DR","CHANDLER","AZ","Arizona","852251223","06","For-Profit Organization,Manufacturer of Goods,Service Disabled Veteran Owned,Veteran Owned Business","CHANDLER","AZ","Arizona","852251223","06","Services: Nonproduct.",NA,NA,NA,NA,NA,NA,NA,NA,NA,NA,2020-11-17 10:56:12
NA,NA,"97AE","DEFENSE ADVANCED RESEARCH PROJECTS AGENCY  (DARPA)","HR0011","DEF ADVANCED RESEARCH PROJECTS AGCY","97AE","DEFENSE ADVANCED RESEARCH PROJECTS AGENCY  (DARPA)","HR0011","DEF ADVANCED RESEARCH PROJECTS AGCY","RAYTHEON COMPANY","001344142","RAYTHEON TECHNOLOGIES CORPORATION","For-Profit Organization,Manufacturer of Goods","15090 Tucson, AZ",857569367,"03","HYPERSONIC AIR BREAT","3969f7c16051e43a4663fc4a20da4d12",2021,10,"4202102990",126989,2019-11-27,2020,"185340130","AEROSPEC, INC.",NA,NA,NA,"505 E ALAMO DR","CHANDLER","AZ","Arizona","852251223","09","For-Profit Organization,Manufacturer of Goods,Service Disabled Veteran Owned,Veteran Owned Business","CHANDLER","AZ","Arizona","852251223","09","Services: Nonproduct.",NA,NA,NA,NA,NA,NA,NA,NA,NA,NA,2021-11-16 13:35:00
NA,NA,"97AE","DEFENSE ADVANCED RESEARCH PROJECTS AGENCY  (DARPA)","HR0011","DEF ADVANCED RESEARCH PROJECTS AGCY","5700","DEPT OF THE AIR FORCE","F1TBPV","AFRL RWP","RAYTHEON COMPANY","001339159","RAYTHEON COMPANY",NA,"Tucson",857566100,"02","AMS: ADV PROGRAMS","09b96a0c1fbd9bd31c6a6769d605ed7f",2018,8,"4201802751",126000,2018-08-30,2018,"029351079","MEASUREMENT SPECIALTIES, INC.","TE Connectivity","485203835","TE Connectivity Ltd.","1000 LUCAS WAY","HAMPTON","VA","Virginia","236661573","03","For-Profit Organization,Manufacturer of Goods","HAMPTON","VA","Virginia","236661573","03","Firm Fixed Price",NA,NA,NA,NA,NA,NA,NA,NA,NA,NA,2018-09-27 16:43:27
NA,NA,"97AE","DEFENSE ADVANCED RESEARCH PROJECTS AGENCY  (DARPA)","HR0011","DEF ADVANCED RESEARCH PROJECTS AGCY","97AE","DEFENSE ADVANCED RESEARCH PROJECTS AGENCY  (DARPA)","HR0011","DEF ADVANCED RESEARCH PROJECTS AGCY","RAYTHEON COMPANY","001344142","RAYTHEON TECHNOLOGIES CORPORATION","For-Profit Organization,Manufacturer of Goods","15090 Tucson, AZ",857569367,"03","HYPERSONIC AIR BREAT","3969f7c16051e43a4663fc4a20da4d12",2021,10,"4201802751",126000,2018-09-25,2018,"029351079","MEASUREMENT SPECIALTIES, INC.","TE Connectivity","485203835","TE Connectivity Ltd.","1000 LUCAS WAY","HAMPTON","VA","Virginia","236661573","03","For-Profit Organization,Foreign Owned and Located,Manufacturer of Goods","HAMPTON","VA","Virginia","236661573","03","Measuring Devices.",NA,NA,NA,NA,NA,NA,NA,NA,NA,NA,2021-11-16 13:35:00
NA,NA,"97AE","DEFENSE ADVANCED RESEARCH PROJECTS AGENCY  (DARPA)","HR0011","DEF ADVANCED RESEARCH PROJECTS AGCY","97AE","DEFENSE ADVANCED RESEARCH PROJECTS AGENCY  (DARPA)","HR0011","DEF ADVANCED RESEARCH PROJECTS AGCY","RAYTHEON COMPANY","001344142","RAYTHEON TECHNOLOGIES CORPORATION",NA,"15090 Tucson, AZ",857569367,"03","HYPERSONIC AIR BREAT","9cc566b9e1dd74484ffd626aba55c80e",2020,10,"4201802751",126000,2018-09-25,2018,"029351079","MEASUREMENT SPECIALTIES, INC.","TE Connectivity","485203835","TE Connectivity Ltd.","1000 LUCAS WAY","HAMPTON","VA","Virginia","236661573","03","For-Profit Organization,Foreign Owned and Located,Manufacturer of Goods","HAMPTON","VA","Virginia","236661573","03","Measuring Devices.",NA,NA,NA,NA,NA,NA,NA,NA,NA,NA,2020-11-17 10:56:12
NA,NA,"97AE","DEFENSE ADVANCED RESEARCH PROJECTS AGENCY  (DARPA)","HR0011","DEF ADVANCED RESEARCH PROJECTS AGCY","97AE","DEFENSE ADVANCED RESEARCH PROJECTS AGENCY  (DARPA)","HR0011","DEF ADVANCED RESEARCH PROJECTS AGCY","RAYTHEON COMPANY","001339159","RAYTHEON COMPANY",NA,"Tucson",857566100,"02","AMS: ADV PROGRAMS","3f50a58eb2c670f527a3d35288424bac",2017,11,"4201482177",123952,2017-03-27,2017,"075458455","DYNETICS, INC.",NA,"075458455","DYNETICS, INC.","1002 EXPLORER BLVD","HUNTSVILLE","AL","Alabama","358062806","05","For-Profit Organization","HUNTSVILLE","AL","Alabama","358062806","05","Firm Fixed Price","David  King",771613,"Greg  Lester",593737,"Michael  Moody",394143,"Thomas  Baumbach",381350,"Randy  Reynolds",300031,2017-12-21 17:06:06
NA,NA,"97AE","DEFENSE ADVANCED RESEARCH PROJECTS AGENCY  (DARPA)","HR0011","DEF ADVANCED RESEARCH PROJECTS AGCY","97AE","DEFENSE ADVANCED RESEARCH PROJECTS AGENCY  (DARPA)","HR0011","DEF ADVANCED RESEARCH PROJECTS AGCY","RAYTHEON COMPANY","001344142","RAYTHEON TECHNOLOGIES CORPORATION","For-Profit Organization,Manufacturer of Goods","15090 Tucson, AZ",857569367,"03","HYPERSONIC AIR BREAT","3969f7c16051e43a4663fc4a20da4d12",2021,10,"4201778901",121018,2018-07-26,2018,"832416932","DYNETICS TECHNICAL SOLUTIONS, INC.",NA,"611641312","LEIDOS HOLDINGS, INC.","1051 ENTERPRISE WAY","HUNTSVILLE","AL","Alabama","358062730","05","For-Profit Organization,Manufacturer of Goods","HUNTSVILLE","AL","Alabama","358062730","05","Gen Structural Assys, NRE - Other.",NA,NA,NA,NA,NA,NA,NA,NA,NA,NA,2021-11-16 13:35:00
NA,NA,"97AE","DEFENSE ADVANCED RESEARCH PROJECTS AGENCY  (DARPA)","HR0011","DEF ADVANCED RESEARCH PROJECTS AGCY","97AE","DEFENSE ADVANCED RESEARCH PROJECTS AGENCY  (DARPA)","HR0011","DEF ADVANCED RESEARCH PROJECTS AGCY","RAYTHEON COMPANY","001344142","RAYTHEON TECHNOLOGIES CORPORATION",NA,"15090 Tucson, AZ",857569367,"03","HYPERSONIC AIR BREAT","9cc566b9e1dd74484ffd626aba55c80e",2020,10,"4201778901",121018,2018-07-26,2018,"832416932","DYNETICS TECHNICAL SOLUTIONS, INC.",NA,"611641312","LEIDOS HOLDINGS, INC.","1051 ENTERPRISE WAY","HUNTSVILLE","AL","Alabama","358062730","05","For-Profit Organization,Manufacturer of Goods","HUNTSVILLE","AL","Alabama","358062730","05","Gen Structural Assys, NRE - Other.",NA,NA,NA,NA,NA,NA,NA,NA,NA,NA,2020-11-17 10:56:12
NA,NA,"97AE","DEFENSE ADVANCED RESEARCH PROJECTS AGENCY  (DARPA)","HR0011","DEF ADVANCED RESEARCH PROJECTS AGCY","97AE","DEFENSE ADVANCED RESEARCH PROJECTS AGENCY  (DARPA)","HR0011","DEF ADVANCED RESEARCH PROJECTS AGCY","RAYTHEON COMPANY","001344142","RAYTHEON TECHNOLOGIES CORPORATION",NA,"15090 Tucson, AZ",857569367,"03","HYPERSONIC AIR BREAT","9cc566b9e1dd74484ffd626aba55c80e",2020,10,"4201890082",120450,2019-01-22,2019,"029351079","MEASUREMENT SPECIALTIES, INC.","TE Connectivity","485203835","TE Connectivity Ltd.","1000 LUCAS WAY","HAMPTON","VA","Virginia","236661573","03","For-Profit Organization,Foreign Owned and Located,Manufacturer of Goods","HAMPTON","VA","Virginia","236661573","03","Measuring Devices.",NA,NA,NA,NA,NA,NA,NA,NA,NA,NA,2020-11-17 10:56:12
NA,NA,"97AE","DEFENSE ADVANCED RESEARCH PROJECTS AGENCY  (DARPA)","HR0011","DEF ADVANCED RESEARCH PROJECTS AGCY","97AE","DEFENSE ADVANCED RESEARCH PROJECTS AGENCY  (DARPA)","HR0011","DEF ADVANCED RESEARCH PROJECTS AGCY","RAYTHEON COMPANY","001344142","RAYTHEON TECHNOLOGIES CORPORATION","For-Profit Organization,Manufacturer of Goods","15090 Tucson, AZ",857569367,"03","HYPERSONIC AIR BREAT","3969f7c16051e43a4663fc4a20da4d12",2021,10,"4201890082",120450,2019-01-22,2019,"029351079","MEASUREMENT SPECIALTIES, INC.","TE Connectivity","485203835","TE Connectivity Ltd.","1000 LUCAS WAY","HAMPTON","VA","Virginia","236661573","03","For-Profit Organization,Foreign Owned and Located,Manufacturer of Goods","HAMPTON","VA","Virginia","236661573","03","Measuring Devices.",NA,NA,NA,NA,NA,NA,NA,NA,NA,NA,2021-11-16 13:35:00
NA,NA,"97AE","DEFENSE ADVANCED RESEARCH PROJECTS AGENCY  (DARPA)","HR0011","DEF ADVANCED RESEARCH PROJECTS AGCY","5700","DEPT OF THE AIR FORCE","F1TBPV","AFRL RWP","RAYTHEON COMPANY","001339159","RAYTHEON COMPANY",NA,"Tucson",857566100,"02","AMS: ADV PROGRAMS","0aa44d99040d2bd25dfbb456d82a4dd5",2018,4,"4201672535",119900,2018-02-14,2018,"623681124","ATK SPACE SYSTEMS INC.","SPACE COMPONENTS DIVISION","618705925","ORBITAL ATK, INC.","7130 MIRAMAR RD STE 100B","SAN DIEGO","CA","California","921212340","50","For-Profit Organization","SAN DIEGO","CA","California","921212340","50","Firm Fixed Price",NA,NA,NA,NA,NA,NA,NA,NA,NA,NA,2018-05-29 19:33:11
NA,NA,"97AE","DEFENSE ADVANCED RESEARCH PROJECTS AGENCY  (DARPA)","HR0011","DEF ADVANCED RESEARCH PROJECTS AGCY","97AE","DEFENSE ADVANCED RESEARCH PROJECTS AGENCY  (DARPA)","HR0011","DEF ADVANCED RESEARCH PROJECTS AGCY","RAYTHEON COMPANY","001339159","RAYTHEON COMPANY",NA,"Tucson",857566100,"02","AMS: ADV PROGRAMS","8a060156205515e8ffdd6d97796735d6",2017,8,"4201569198",119700,2017-08-22,2017,"196559991","PARKER-HANNIFIN CORPORATION","GAS TURBINE FUEL SYSTEMS DIVISION","004175550","PARKER-HANNIFIN CORPORATION","14 ROBBINS POND RD","DEVENS","MA","Massachusetts","014345641","05","For-Profit Organization,Manufacturer of Goods","DEVENS","MA","Massachusetts","014345641","05","Firm Fixed Price",NA,NA,NA,NA,NA,NA,NA,NA,NA,NA,2017-09-27 14:39:26
NA,NA,"97AE","DEFENSE ADVANCED RESEARCH PROJECTS AGENCY  (DARPA)","HR0011","DEF ADVANCED RESEARCH PROJECTS AGCY","97AE","DEFENSE ADVANCED RESEARCH PROJECTS AGENCY  (DARPA)","HR0011","DEF ADVANCED RESEARCH PROJECTS AGCY","RAYTHEON COMPANY","001344142","RAYTHEON TECHNOLOGIES CORPORATION","For-Profit Organization,Manufacturer of Goods","15090 Tucson, AZ",857569367,"03","HYPERSONIC AIR BREAT","3969f7c16051e43a4663fc4a20da4d12",2021,10,"4201667577",118490,2018-02-08,2018,"009566167","MARVIN ENGINEERING CO., INC.","MARVIN GROUP, THE","009566167","MARVIN ENGINEERING CO., INC.","261 W BEACH AVE","INGLEWOOD","CA","California","903022904","43","For-Profit Organization,Manufacturer of Goods,S Corporation","INGLEWOOD","CA","California","903022904","43","Launchers&Cannisters.",NA,NA,NA,NA,NA,NA,NA,NA,NA,NA,2021-11-16 13:35:00
NA,NA,"97AE","DEFENSE ADVANCED RESEARCH PROJECTS AGENCY  (DARPA)","HR0011","DEF ADVANCED RESEARCH PROJECTS AGCY","5700","DEPT OF THE AIR FORCE","F1TBPV","AFRL RWP","RAYTHEON COMPANY","001339159","RAYTHEON COMPANY",NA,"Tucson",857566100,"02","AMS: ADV PROGRAMS","0aa44d99040d2bd25dfbb456d82a4dd5",2018,4,"4201667577",118490,2018-02-07,2018,"009566167","MARVIN ENGINEERING CO., INC.","MARVIN GROUP, THE","009566167","MARVIN ENGINEERING CO., INC.","261 W BEACH AVE","INGLEWOOD","CA","California","903022904","35","For-Profit Organization,Manufacturer of Goods,S Corporation","INGLEWOOD","CA","California","903022904","35","Firm Fixed Price",NA,NA,NA,NA,NA,NA,NA,NA,NA,NA,2018-05-29 19:33:11
NA,NA,"97AE","DEFENSE ADVANCED RESEARCH PROJECTS AGENCY  (DARPA)","HR0011","DEF ADVANCED RESEARCH PROJECTS AGCY","97AE","DEFENSE ADVANCED RESEARCH PROJECTS AGENCY  (DARPA)","HR0011","DEF ADVANCED RESEARCH PROJECTS AGCY","RAYTHEON COMPANY","001344142","RAYTHEON TECHNOLOGIES CORPORATION",NA,"15090 Tucson, AZ",857569367,"03","HYPERSONIC AIR BREAT","9cc566b9e1dd74484ffd626aba55c80e",2020,10,"4201667577",118490,2018-02-08,2018,"009566167","MARVIN ENGINEERING CO., INC.","MARVIN GROUP, THE","009566167","MARVIN ENGINEERING CO., INC.","261 W BEACH AVE","INGLEWOOD","CA","California","903022904","35","For-Profit Organization,Manufacturer of Goods,S Corporation","INGLEWOOD","CA","California","903022904","35","Launchers&Cannisters.",NA,NA,NA,NA,NA,NA,NA,NA,NA,NA,2020-11-17 10:56:12
NA,NA,"97AE","DEFENSE ADVANCED RESEARCH PROJECTS AGENCY  (DARPA)","HR0011","DEF ADVANCED RESEARCH PROJECTS AGCY","97AE","DEFENSE ADVANCED RESEARCH PROJECTS AGENCY  (DARPA)","HR0011","DEF ADVANCED RESEARCH PROJECTS AGCY","RAYTHEON COMPANY","001344142","RAYTHEON TECHNOLOGIES CORPORATION",NA,"15090 Tucson, AZ",857569367,"03","HYPERSONIC AIR BREAT","9cc566b9e1dd74484ffd626aba55c80e",2020,10,"4202084581",115000,2019-10-30,2020,"154827786","HI-TECH MACHINING & ENGINEERING, L.L.C.",NA,NA,NA,"1075 EAST WIEDING RD","TUCSON","AZ","Arizona","857066039","07","For-Profit Organization,Limited Liability Company,Manufacturer of Goods,SBA Certified Hub Zone Firm","TUCSON","AZ","Arizona","857066039","07","Machine Shop Work.",NA,NA,NA,NA,NA,NA,NA,NA,NA,NA,2020-11-17 10:56:12
NA,NA,"97AE","DEFENSE ADVANCED RESEARCH PROJECTS AGENCY  (DARPA)","HR0011","DEF ADVANCED RESEARCH PROJECTS AGCY","97AE","DEFENSE ADVANCED RESEARCH PROJECTS AGENCY  (DARPA)","HR0011","DEF ADVANCED RESEARCH PROJECTS AGCY","RAYTHEON COMPANY","001344142","RAYTHEON TECHNOLOGIES CORPORATION","For-Profit Organization,Manufacturer of Goods","15090 Tucson, AZ",857569367,"03","HYPERSONIC AIR BREAT","3969f7c16051e43a4663fc4a20da4d12",2021,10,"4202084581",115000,2019-10-30,2020,"154827786","HI-TECH MACHINING & ENGINEERING, L.L.C.",NA,NA,NA,"1075 EAST WIEDING RD","TUCSON","AZ","Arizona","857066039","03","For-Profit Organization,Limited Liability Company,Manufacturer of Goods,SBA Certified Hub Zone Firm","TUCSON","AZ","Arizona","857066039","03","Machine Shop Work.",NA,NA,NA,NA,NA,NA,NA,NA,NA,NA,2021-11-16 13:35:00
NA,NA,"97AE","DEFENSE ADVANCED RESEARCH PROJECTS AGENCY  (DARPA)","HR0011","DEF ADVANCED RESEARCH PROJECTS AGCY","97AE","DEFENSE ADVANCED RESEARCH PROJECTS AGENCY  (DARPA)","HR0011","DEF ADVANCED RESEARCH PROJECTS AGCY","RAYTHEON COMPANY","001339159","RAYTHEON COMPANY",NA,"Tucson",857566100,"02","AMS: ADV PROGRAMS","03b2184d5343366bc2fc8a6d433924b3",2018,10,"4201820474",114317,2018-09-27,2018,"829171243","DUCOMMUN LABARGE TECHNOLOGIES, INC.",NA,"006907042","Ducommun Incorporated","2222 E PENSAR DR","APPLETON","WI","Wisconsin","549118789","08","For-Profit Organization,Manufacturer of Goods","APPLETON","WI","Wisconsin","549118789","08","Firm Fixed Price",NA,NA,NA,NA,NA,NA,NA,NA,NA,NA,2018-11-28 15:00:52
NA,NA,"97AE","DEFENSE ADVANCED RESEARCH PROJECTS AGENCY  (DARPA)","HR0011","DEF ADVANCED RESEARCH PROJECTS AGCY","97AE","DEFENSE ADVANCED RESEARCH PROJECTS AGENCY  (DARPA)","HR0011","DEF ADVANCED RESEARCH PROJECTS AGCY","RAYTHEON COMPANY","001344142","RAYTHEON TECHNOLOGIES CORPORATION","For-Profit Organization,Manufacturer of Goods","15090 Tucson, AZ",857569367,"03","HYPERSONIC AIR BREAT","3969f7c16051e43a4663fc4a20da4d12",2021,10,"4201976890",114284,2019-05-14,2019,"123083784","CAMI RESEARCH, INC.",NA,NA,NA,"42 NAGOG PARK STE 115","ACTON","MA","Massachusetts","017203301","03","For-Profit Organization,Manufacturer of Goods","ACTON","MA","Massachusetts","017203445","03","NRE - Other, T/E Rental/Lease.",NA,NA,NA,NA,NA,NA,NA,NA,NA,NA,2021-11-16 13:35:00
NA,NA,"97AE","DEFENSE ADVANCED RESEARCH PROJECTS AGENCY  (DARPA)","HR0011","DEF ADVANCED RESEARCH PROJECTS AGCY","97AE","DEFENSE ADVANCED RESEARCH PROJECTS AGENCY  (DARPA)","HR0011","DEF ADVANCED RESEARCH PROJECTS AGCY","RAYTHEON COMPANY","001339159","RAYTHEON COMPANY",NA,"Tucson",857566100,"02","AMS: ADV PROGRAMS","c5058a5fb384bb4dce6b6c8271869ac9",2018,9,"4201653435",110200,2018-01-15,2018,"002742497","UNI-CAST, INC.",NA,NA,NA,"11 INDUSTRIAL DR","LONDONDERRY","NH","New Hampshire","030532011","01","For-Profit Organization,Manufacturer of Goods","LONDONDERRY","NH","New Hampshire","030532011","01","Firm Fixed Price",NA,NA,NA,NA,NA,NA,NA,NA,NA,NA,2018-10-24 16:52:49
NA,NA,"97AE","DEFENSE ADVANCED RESEARCH PROJECTS AGENCY  (DARPA)","HR0011","DEF ADVANCED RESEARCH PROJECTS AGCY","97AE","DEFENSE ADVANCED RESEARCH PROJECTS AGENCY  (DARPA)","HR0011","DEF ADVANCED RESEARCH PROJECTS AGCY","RAYTHEON COMPANY","001339159","RAYTHEON COMPANY",NA,"Tucson",857566100,"02","AMS: ADV PROGRAMS","daa9fd96f6d2a30756c092d567acd5f0",2017,6,"4201464966",106203,2017-02-24,2017,"062090931","TRI MODELS, INC.",NA,NA,NA,"5191 OCEANUS DR","HUNTINGTON BEACH","CA","California","926491026","46","For-Profit Organization,Manufacturer of Goods","HUNTINGTON BEACH","CA","California","926491026","46","Firm Fixed Price",NA,NA,NA,NA,NA,NA,NA,NA,NA,NA,2017-07-28 17:08:43
NA,NA,"97AE","DEFENSE ADVANCED RESEARCH PROJECTS AGENCY  (DARPA)","HR0011","DEF ADVANCED RESEARCH PROJECTS AGCY","97AE","DEFENSE ADVANCED RESEARCH PROJECTS AGENCY  (DARPA)","HR0011","DEF ADVANCED RESEARCH PROJECTS AGCY","RAYTHEON COMPANY","001339159","RAYTHEON COMPANY",NA,"TUCSON",857566100,"02","AMS: ADV PROGRAMS","cd797a9deb46f0a7ef1185ec7e2462df",2017,7,"4201464966",106203,2017-02-24,2017,"062090931","TRI MODELS, INC.",NA,NA,NA,"5191 OCEANUS DR","HUNTINGTON BEACH","CA","California","926491026","46","For-Profit Organization,Manufacturer of Goods","HUNTINGTON BEACH","CA","California","926491026","46","Firm Fixed Price",NA,NA,NA,NA,NA,NA,NA,NA,NA,NA,2017-08-31 15:19:50
NA,NA,"97AE","DEFENSE ADVANCED RESEARCH PROJECTS AGENCY  (DARPA)","HR0011","DEF ADVANCED RESEARCH PROJECTS AGCY","5700","DEPT OF THE AIR FORCE","F1TBPV","AFRL RWP","RAYTHEON COMPANY","001339159","RAYTHEON COMPANY",NA,"Tucson",857566100,"02","AMS: ADV PROGRAMS","09b96a0c1fbd9bd31c6a6769d605ed7f",2018,8,"4201790551",105891,2018-08-13,2018,"004128971","SOUTHERN GEAR & MACHINE, INC.",NA,NA,NA,"3685 NW 106 ST","MIAMI","FL","Florida","331471030","20","For-Profit Organization,Veteran Owned Business","MIAMI","FL","Florida","331471030","20","Firm Fixed Price",NA,NA,NA,NA,NA,NA,NA,NA,NA,NA,2018-09-27 16:43:27
NA,NA,"97AE","DEFENSE ADVANCED RESEARCH PROJECTS AGENCY  (DARPA)","HR0011","DEF ADVANCED RESEARCH PROJECTS AGCY","5700","DEPT OF THE AIR FORCE","F4FRQH","AFRL RQH         HIGH SPEED SYS DIV","RAYTHEON COMPANY","001339159","RAYTHEON COMPANY",NA,"Tucson",857566100,"02","AMS: ADV PROGRAMS","8288f670d571716168cc410b943b5d04",2017,10,"4201610076",105102,2017-10-25,2018,"044239754","STANLEY MACHINING & TOOL CORP.",NA,"044239754","STANLEY MACHINING & TOOL CORP.","425 MAPLE AVE","CARPENTERSVILLE","IL","Illinois","601101939","14","For-Profit Organization,Manufacturer of Goods,Woman-Owned Business","CARPENTERSVILLE","IL","Illinois","601101939","14","Firm Fixed Price",NA,NA,NA,NA,NA,NA,NA,NA,NA,NA,2017-11-29 17:44:48
NA,NA,"97AE","DEFENSE ADVANCED RESEARCH PROJECTS AGENCY  (DARPA)","HR0011","DEF ADVANCED RESEARCH PROJECTS AGCY","97AE","DEFENSE ADVANCED RESEARCH PROJECTS AGENCY  (DARPA)","HR0011","DEF ADVANCED RESEARCH PROJECTS AGCY","RAYTHEON COMPANY","001339159","RAYTHEON COMPANY",NA,"Tucson",857566100,"02","AMS: ADV PROGRAMS","f2e89b75312c1ecb90729fd00edcd5d8",2017,12,"4201638184",104537,2017-12-08,2018,"062090931","TRI MODELS, INC.",NA,NA,NA,"5191 OCEANUS DR","HUNTINGTON BEACH","CA","California","926491026","46","For-Profit Organization,Manufacturer of Goods","HUNTINGTON BEACH","CA","California","926491026","46","Firm Fixed Price",NA,NA,NA,NA,NA,NA,NA,NA,NA,NA,2018-01-23 19:06:21
NA,NA,"97AE","DEFENSE ADVANCED RESEARCH PROJECTS AGENCY  (DARPA)","HR0011","DEF ADVANCED RESEARCH PROJECTS AGCY","97AE","DEFENSE ADVANCED RESEARCH PROJECTS AGENCY  (DARPA)","HR0011","DEF ADVANCED RESEARCH PROJECTS AGCY","RAYTHEON COMPANY","001344142","RAYTHEON TECHNOLOGIES CORPORATION","For-Profit Organization,Manufacturer of Goods","15090 Tucson, AZ",857569367,"03","HYPERSONIC AIR BREAT","3969f7c16051e43a4663fc4a20da4d12",2021,10,"4201786170",101690,2018-08-07,2018,"117056811","RADIUS AEROSPACE, INC.",NA,"053236449","ARLINGTON CAPITAL PARTNERS IV, L.P.","6733 W WILLIS RD","CHANDLER","AZ","Arizona","852265105","01","For-Profit Organization,Manufacturer of Goods","CHANDLER","AZ","Arizona","852265105","01","Gen Structural Assys, Non-complex Machined.",NA,NA,NA,NA,NA,NA,NA,NA,NA,NA,2021-11-16 13:35:00
NA,NA,"97AE","DEFENSE ADVANCED RESEARCH PROJECTS AGENCY  (DARPA)","HR0011","DEF ADVANCED RESEARCH PROJECTS AGCY","97AE","DEFENSE ADVANCED RESEARCH PROJECTS AGENCY  (DARPA)","HR0011","DEF ADVANCED RESEARCH PROJECTS AGCY","RAYTHEON COMPANY","001344142","RAYTHEON TECHNOLOGIES CORPORATION",NA,"15090 Tucson, AZ",857569367,"03","HYPERSONIC AIR BREAT","9cc566b9e1dd74484ffd626aba55c80e",2020,10,"4201786170",101690,2018-08-07,2018,"117056811","RADIUS AEROSPACE, INC.",NA,"117032139","Radius Aerospace, Inc.","6733 W WILLIS RD","CHANDLER","AZ","Arizona","852265105","07","For-Profit Organization,Manufacturer of Goods","CHANDLER","AZ","Arizona","852265105","07","Gen Structural Assys, Non-complex Machined.",NA,NA,NA,NA,NA,NA,NA,NA,NA,NA,2020-11-17 10:56:12
NA,NA,"97AE","DEFENSE ADVANCED RESEARCH PROJECTS AGENCY  (DARPA)","HR0011","DEF ADVANCED RESEARCH PROJECTS AGCY","97AE","DEFENSE ADVANCED RESEARCH PROJECTS AGENCY  (DARPA)","HR0011","DEF ADVANCED RESEARCH PROJECTS AGCY","RAYTHEON COMPANY","001344142","RAYTHEON TECHNOLOGIES CORPORATION","For-Profit Organization,Manufacturer of Goods","15090 Tucson, AZ",857569367,"03","HYPERSONIC AIR BREAT","3969f7c16051e43a4663fc4a20da4d12",2021,10,"4201746527",101361,2018-06-06,2018,"030387286","KLUNE INDUSTRIES, INC.","PCC Aerostructures","001024314","BERKSHIRE HATHAWAY INC.","7323 COLDWATER CANYON AVE","NORTH HOLLYWOOD","CA","California","916054206","29","For-Profit Organization,Manufacturer of Goods","NORTH HOLLYWOOD","CA","California","916054206","29","NRE - Other, Titanium Plate.",NA,NA,NA,NA,NA,NA,NA,NA,NA,NA,2021-11-16 13:35:00
NA,NA,"97AE","DEFENSE ADVANCED RESEARCH PROJECTS AGENCY  (DARPA)","HR0011","DEF ADVANCED RESEARCH PROJECTS AGCY","97AE","DEFENSE ADVANCED RESEARCH PROJECTS AGENCY  (DARPA)","HR0011","DEF ADVANCED RESEARCH PROJECTS AGCY","RAYTHEON COMPANY","001344142","RAYTHEON TECHNOLOGIES CORPORATION",NA,"15090 Tucson, AZ",857569367,"03","HYPERSONIC AIR BREAT","9cc566b9e1dd74484ffd626aba55c80e",2020,10,"4201746527",101361,2018-06-06,2018,"030387286","KLUNE INDUSTRIES, INC.",NA,"001024314","BERKSHIRE HATHAWAY INC.","7323 COLDWATER CANYON AVE","NORTH HOLLYWOOD","CA","California","916054206","28","For-Profit Organization,Manufacturer of Goods","NORTH HOLLYWOOD","CA","California","916054206","28","NRE - Other, Titanium Plate.",NA,NA,NA,NA,NA,NA,NA,NA,NA,NA,2020-11-17 10:56:12
NA,NA,"97AE","DEFENSE ADVANCED RESEARCH PROJECTS AGENCY  (DARPA)","HR0011","DEF ADVANCED RESEARCH PROJECTS AGCY","97AE","DEFENSE ADVANCED RESEARCH PROJECTS AGENCY  (DARPA)","HR0011","DEF ADVANCED RESEARCH PROJECTS AGCY","RAYTHEON COMPANY","001344142","RAYTHEON TECHNOLOGIES CORPORATION","For-Profit Organization,Manufacturer of Goods","15090 Tucson, AZ",857569367,"03","HYPERSONIC AIR BREAT","3969f7c16051e43a4663fc4a20da4d12",2021,10,"4201790551",100232,2018-08-14,2018,"004128971","SOUTHERN GEAR & MACHINE, INC.",NA,NA,NA,"3685 NW 106 ST","MIAMI","FL","Florida","331471030","25","For-Profit Organization,Manufacturer of Goods,Veteran Owned Business","MIAMI","FL","Florida","331471030","25","Gears, Precision Machined.",NA,NA,NA,NA,NA,NA,NA,NA,NA,NA,2021-11-16 13:35:00
NA,NA,"97AE","DEFENSE ADVANCED RESEARCH PROJECTS AGENCY  (DARPA)","HR0011","DEF ADVANCED RESEARCH PROJECTS AGCY","97AE","DEFENSE ADVANCED RESEARCH PROJECTS AGENCY  (DARPA)","HR0011","DEF ADVANCED RESEARCH PROJECTS AGCY","RAYTHEON COMPANY","001344142","RAYTHEON TECHNOLOGIES CORPORATION",NA,"15090 Tucson, AZ",857569367,"03","HYPERSONIC AIR BREAT","9cc566b9e1dd74484ffd626aba55c80e",2020,10,"4201790551",100232,2018-08-14,2018,"004128971","SOUTHERN GEAR & MACHINE, INC.",NA,NA,NA,"3685 NW 106 ST","MIAMI","FL","Florida","331471030","20","For-Profit Organization,Veteran Owned Business","MIAMI","FL","Florida","331471030","20","Gears, Precision Machined.",NA,NA,NA,NA,NA,NA,NA,NA,NA,NA,2020-11-17 10:56:12
"N: Emergency P.L. 116-136;Q: Excluded from tracking (uses non-emergency/non-disaster designated appropriations)",1105080.5,"97AE","DEFENSE ADVANCED RESEARCH PROJECTS AGENCY  (DARPA)","HR0011","DEF ADVANCED RESEARCH PROJECTS AGCY","97AE","DEFENSE ADVANCED RESEARCH PROJECTS AGENCY  (DARPA)","HR0011","DEF ADVANCED RESEARCH PROJECTS AGCY","RAYTHEON COMPANY","001339159","RAYTHEON COMPANY",NA,"15090 Tucson, AZ",857569367,"03","HYPERSONIC AIR BREAT","611afaf6f808e8b102b5dfe6824c8ca0",2020,9,"4202243771",99925,2020-09-10,2020,"780680976","ALLIANT TECHSYSTEMS OPERATIONS LLC",NA,"967356127","NORTHROP GRUMMAN CORPORATION","55 THIOKOL RD","ELKTON","MD","Maryland","219214755","01","For-Profit Organization,Manufacturer of Goods","ELKTON","MD","Maryland","219214755","01","NRE - Other.",NA,NA,NA,NA,NA,NA,NA,NA,NA,NA,2020-10-16 10:53:51
NA,NA,"97AE","DEFENSE ADVANCED RESEARCH PROJECTS AGENCY  (DARPA)","HR0011","DEF ADVANCED RESEARCH PROJECTS AGCY","5700","DEPT OF THE AIR FORCE","F1TBPV","AFRL RWP","RAYTHEON COMPANY","001339159","RAYTHEON COMPANY",NA,"Tucson",857566100,"02","AMS: ADV PROGRAMS","813c30bc44e1bea1e5e1ea73cf917ade",2018,6,"4201569198",98702,2017-08-22,2017,"196559991","PARKER-HANNIFIN CORPORATION","GAS TURBINE FUEL SYSTEMS DIVISION","004175550","PARKER-HANNIFIN CORPORATION","14 ROBBINS POND RD","DEVENS","MA","Massachusetts","014345641","05","For-Profit Organization,Manufacturer of Goods","DEVENS","MA","Massachusetts","014345641","05","Firm Fixed Price",NA,NA,NA,NA,NA,NA,NA,NA,NA,NA,2018-07-09 19:26:13
"N: Emergency P.L. 116-136;Q: Excluded from tracking (uses non-emergency/non-disaster designated appropriations)",1105080.5,"97AE","DEFENSE ADVANCED RESEARCH PROJECTS AGENCY  (DARPA)","HR0011","DEF ADVANCED RESEARCH PROJECTS AGCY","97AE","DEFENSE ADVANCED RESEARCH PROJECTS AGENCY  (DARPA)","HR0011","DEF ADVANCED RESEARCH PROJECTS AGCY","RAYTHEON COMPANY","001344142","RAYTHEON TECHNOLOGIES CORPORATION","For-Profit Organization,Manufacturer of Goods","15090 Tucson, AZ",857569367,"03","HYPERSONIC AIR BREAT","3969f7c16051e43a4663fc4a20da4d12",2021,10,"4202243771",98553,2020-09-10,2020,"780680976","ALLIANT TECHSYSTEMS OPERATIONS LLC",NA,"967356127","NORTHROP GRUMMAN CORPORATION","55 THIOKOL RD","ELKTON","MD","Maryland","219214755","01","For-Profit Organization,Manufacturer of Goods","ELKTON","MD","Maryland","219214755","01","NRE - Other.",NA,NA,NA,NA,NA,NA,NA,NA,NA,NA,2021-11-16 13:35:00
NA,NA,"97AE","DEFENSE ADVANCED RESEARCH PROJECTS AGENCY  (DARPA)","HR0011","DEF ADVANCED RESEARCH PROJECTS AGCY","5700","DEPT OF THE AIR FORCE","F1TBPV","AFRL RWP","RAYTHEON COMPANY","001339159","RAYTHEON COMPANY",NA,"Tucson",857566100,"02","AMS: ADV PROGRAMS","813c30bc44e1bea1e5e1ea73cf917ade",2018,6,"4201746527",95958,2018-06-05,2018,"030387286","KLUNE INDUSTRIES, INC.",NA,"001024314","BERKSHIRE HATHAWAY INC.","7323 COLDWATER CANYON AVE","NORTH HOLLYWOOD","CA","California","916054206","28","For-Profit Organization","NORTH HOLLYWOOD","CA","California","916054206","28","Firm Fixed Price",NA,NA,NA,NA,NA,NA,NA,NA,NA,NA,2018-07-09 19:26:13
NA,NA,"97AE","DEFENSE ADVANCED RESEARCH PROJECTS AGENCY  (DARPA)","HR0011","DEF ADVANCED RESEARCH PROJECTS AGCY","5700","DEPT OF THE AIR FORCE","F1TBPV","AFRL RWP","RAYTHEON COMPANY","001339159","RAYTHEON COMPANY",NA,"Tucson",857566100,"02","AMS: ADV PROGRAMS","0aa44d99040d2bd25dfbb456d82a4dd5",2018,4,"4201695968",92820,2018-03-21,2018,"959852161","A. P. I. INCORPORATED","ANEWCO PRODUCTS",NA,NA,"1800 S RESEARCH LOOP","TUCSON","AZ","Arizona","857106759","08","For-Profit Organization,S Corporation,Veteran Owned Business","TUCSON","AZ","Arizona","857106759","08","Firm Fixed Price",NA,NA,NA,NA,NA,NA,NA,NA,NA,NA,2018-05-29 19:33:11
"N: Emergency P.L. 116-136;Q: Excluded from tracking (uses non-emergency/non-disaster designated appropriations)",1105080.5,"97AE","DEFENSE ADVANCED RESEARCH PROJECTS AGENCY  (DARPA)","HR0011","DEF ADVANCED RESEARCH PROJECTS AGCY","97AE","DEFENSE ADVANCED RESEARCH PROJECTS AGENCY  (DARPA)","HR0011","DEF ADVANCED RESEARCH PROJECTS AGCY","RAYTHEON COMPANY","001344142","RAYTHEON TECHNOLOGIES CORPORATION",NA,"15090 Tucson, AZ",857569367,"03","HYPERSONIC AIR BREAT","9cc566b9e1dd74484ffd626aba55c80e",2020,10,"4202243771",91925,2020-09-10,2020,"780680976","ALLIANT TECHSYSTEMS OPERATIONS LLC",NA,"967356127","NORTHROP GRUMMAN CORPORATION","55 THIOKOL RD","ELKTON","MD","Maryland","219214755","01","For-Profit Organization,Manufacturer of Goods","ELKTON","MD","Maryland","219214755","01","NRE - Other.",NA,NA,NA,NA,NA,NA,NA,NA,NA,NA,2020-11-17 10:56:12
NA,NA,"97AE","DEFENSE ADVANCED RESEARCH PROJECTS AGENCY  (DARPA)","HR0011","DEF ADVANCED RESEARCH PROJECTS AGCY","97AE","DEFENSE ADVANCED RESEARCH PROJECTS AGENCY  (DARPA)","HR0011","DEF ADVANCED RESEARCH PROJECTS AGCY","RAYTHEON COMPANY","001344142","RAYTHEON TECHNOLOGIES CORPORATION","For-Profit Organization,Manufacturer of Goods","15090 Tucson, AZ",857569367,"03","HYPERSONIC AIR BREAT","3969f7c16051e43a4663fc4a20da4d12",2021,10,"4201716510",91214,2018-04-20,2018,"154827786","HI-TECH MACHINING & ENGINEERING, L.L.C.",NA,NA,NA,"1075 EAST WIEDING RD","TUCSON","AZ","Arizona","857066039","03","For-Profit Organization,Limited Liability Company,Manufacturer of Goods,SBA Certified Hub Zone Firm","TUCSON","AZ","Arizona","857066039","03","Bolts, Launchers&Cannisters.",NA,NA,NA,NA,NA,NA,NA,NA,NA,NA,2021-11-16 13:35:00
NA,NA,"97AE","DEFENSE ADVANCED RESEARCH PROJECTS AGENCY  (DARPA)","HR0011","DEF ADVANCED RESEARCH PROJECTS AGCY","97AE","DEFENSE ADVANCED RESEARCH PROJECTS AGENCY  (DARPA)","HR0011","DEF ADVANCED RESEARCH PROJECTS AGCY","RAYTHEON COMPANY","001344142","RAYTHEON TECHNOLOGIES CORPORATION",NA,"15090 Tucson, AZ",857569367,"03","HYPERSONIC AIR BREAT","9cc566b9e1dd74484ffd626aba55c80e",2020,10,"4201716510",91214,2018-04-20,2018,"154827786","HI-TECH MACHINING & ENGINEERING, L.L.C.",NA,NA,NA,"1075 EAST WIEDING RD","TUCSON","AZ","Arizona","857066039","07","For-Profit Organization,Limited Liability Company,Manufacturer of Goods,SBA Certified Hub Zone Firm","TUCSON","AZ","Arizona","857066039","07","Bolts, Launchers&Cannisters.",NA,NA,NA,NA,NA,NA,NA,NA,NA,NA,2020-11-17 10:56:12
NA,NA,"97AE","DEFENSE ADVANCED RESEARCH PROJECTS AGENCY  (DARPA)","HR0011","DEF ADVANCED RESEARCH PROJECTS AGCY","97AE","DEFENSE ADVANCED RESEARCH PROJECTS AGENCY  (DARPA)","HR0011","DEF ADVANCED RESEARCH PROJECTS AGCY","RAYTHEON COMPANY","001344142","RAYTHEON TECHNOLOGIES CORPORATION","For-Profit Organization,Manufacturer of Goods","15090 Tucson, AZ",857569367,"03","HYPERSONIC AIR BREAT","3969f7c16051e43a4663fc4a20da4d12",2021,10,"4201715653",90817,2018-04-19,2018,"963709212","AZMARK AERO SYSTEMS, LLC",NA,"080080185","Imaginetics Holdings LLC","944 W GUADALUPE","GILBERT","AZ","Arizona","852332414","05","For-Profit Organization,Limited Liability Company","GILBERT","AZ","Arizona","852332414","05","FinsWings&Boattails.",NA,NA,NA,NA,NA,NA,NA,NA,NA,NA,2021-11-16 13:35:00
NA,NA,"97AE","DEFENSE ADVANCED RESEARCH PROJECTS AGENCY  (DARPA)","HR0011","DEF ADVANCED RESEARCH PROJECTS AGCY","97AE","DEFENSE ADVANCED RESEARCH PROJECTS AGENCY  (DARPA)","HR0011","DEF ADVANCED RESEARCH PROJECTS AGCY","RAYTHEON COMPANY","001344142","RAYTHEON TECHNOLOGIES CORPORATION",NA,"15090 Tucson, AZ",857569367,"03","HYPERSONIC AIR BREAT","9cc566b9e1dd74484ffd626aba55c80e",2020,10,"4201715653",90817,2018-04-19,2018,"963709212","AZMARK AERO SYSTEMS, LLC",NA,"080080185","Imaginetics Holdings LLC","944 W GUADALUPE","GILBERT","AZ","Arizona","852332414","06","For-Profit Organization,Limited Liability Company","GILBERT","AZ","Arizona","852332414","06","FinsWings&Boattails.",NA,NA,NA,NA,NA,NA,NA,NA,NA,NA,2020-11-17 10:56:12
NA,NA,"97AE","DEFENSE ADVANCED RESEARCH PROJECTS AGENCY  (DARPA)","HR0011","DEF ADVANCED RESEARCH PROJECTS AGCY","97AE","DEFENSE ADVANCED RESEARCH PROJECTS AGENCY  (DARPA)","HR0011","DEF ADVANCED RESEARCH PROJECTS AGCY","RAYTHEON COMPANY","001339159","RAYTHEON COMPANY",NA,"Tucson",857566100,"02","AMS: ADV PROGRAMS","03b2184d5343366bc2fc8a6d433924b3",2018,10,"4201832874",88913,2018-10-16,2019,"829171243","DUCOMMUN LABARGE TECHNOLOGIES, INC.",NA,"006907042","Ducommun Incorporated","2222 E PENSAR DR","APPLETON","WI","Wisconsin","549118789","08","For-Profit Organization,Manufacturer of Goods","APPLETON","WI","Wisconsin","549118789","08","Firm Fixed Price",NA,NA,NA,NA,NA,NA,NA,NA,NA,NA,2018-11-28 15:00:52
NA,NA,"97AE","DEFENSE ADVANCED RESEARCH PROJECTS AGENCY  (DARPA)","HR0011","DEF ADVANCED RESEARCH PROJECTS AGCY","97AE","DEFENSE ADVANCED RESEARCH PROJECTS AGENCY  (DARPA)","HR0011","DEF ADVANCED RESEARCH PROJECTS AGCY","RAYTHEON COMPANY","001344142","RAYTHEON TECHNOLOGIES CORPORATION",NA,"15090 Tucson, AZ",857569367,"03","HYPERSONIC AIR BREAT","9cc566b9e1dd74484ffd626aba55c80e",2020,10,"4201832874",88813,2018-10-23,2019,"829171243","DUCOMMUN LABARGE TECHNOLOGIES, INC.",NA,"006907042","Ducommun Incorporated","2222 E PENSAR DR","APPLETON","WI","Wisconsin","549118789","08","For-Profit Organization,Manufacturer of Goods","APPLETON","WI","Wisconsin","549118789","08","Custom CCA's, NRE - Other.",NA,NA,NA,NA,NA,NA,NA,NA,NA,NA,2020-11-17 10:56:12
NA,NA,"97AE","DEFENSE ADVANCED RESEARCH PROJECTS AGENCY  (DARPA)","HR0011","DEF ADVANCED RESEARCH PROJECTS AGCY","97AE","DEFENSE ADVANCED RESEARCH PROJECTS AGENCY  (DARPA)","HR0011","DEF ADVANCED RESEARCH PROJECTS AGCY","RAYTHEON COMPANY","001344142","RAYTHEON TECHNOLOGIES CORPORATION","For-Profit Organization,Manufacturer of Goods","15090 Tucson, AZ",857569367,"03","HYPERSONIC AIR BREAT","3969f7c16051e43a4663fc4a20da4d12",2021,10,"4201832874",88813,2018-10-23,2019,"829171243","LABARGE ACQUISITION COMPANY, INC.",NA,"006907042","Ducommun Incorporated","2222 E PENSAR DR","APPLETON","WI","Wisconsin","549118789","08","For-Profit Organization,Manufacturer of Goods","APPLETON","WI","Wisconsin","549118789","08","Custom CCA's, NRE - Other.",NA,NA,NA,NA,NA,NA,NA,NA,NA,NA,2021-11-16 13:35:00
NA,NA,"97AE","DEFENSE ADVANCED RESEARCH PROJECTS AGENCY  (DARPA)","HR0011","DEF ADVANCED RESEARCH PROJECTS AGCY","97AE","DEFENSE ADVANCED RESEARCH PROJECTS AGENCY  (DARPA)","HR0011","DEF ADVANCED RESEARCH PROJECTS AGCY","RAYTHEON COMPANY","001344142","RAYTHEON TECHNOLOGIES CORPORATION",NA,"15090 Tucson, AZ",857569367,"03","HYPERSONIC AIR BREAT","9cc566b9e1dd74484ffd626aba55c80e",2020,10,"4201788379",88682,2018-08-09,2018,"623681124","ATK SPACE SYSTEMS INC.","SPACE COMPONENTS DIVISION","967356127","NORTHROP GRUMMAN CORPORATION","7130 MIRAMAR RD STE 100B","SAN DIEGO","CA","California","921212340","50","For-Profit Organization","SAN DIEGO","CA","California","921212340","50","Missile Antenna &Ped, NRE - Other.",NA,NA,NA,NA,NA,NA,NA,NA,NA,NA,2020-11-17 10:56:12
NA,NA,"97AE","DEFENSE ADVANCED RESEARCH PROJECTS AGENCY  (DARPA)","HR0011","DEF ADVANCED RESEARCH PROJECTS AGCY","97AE","DEFENSE ADVANCED RESEARCH PROJECTS AGENCY  (DARPA)","HR0011","DEF ADVANCED RESEARCH PROJECTS AGCY","RAYTHEON COMPANY","001344142","RAYTHEON TECHNOLOGIES CORPORATION","For-Profit Organization,Manufacturer of Goods","15090 Tucson, AZ",857569367,"03","HYPERSONIC AIR BREAT","3969f7c16051e43a4663fc4a20da4d12",2021,10,"4201788379",88682,2018-08-09,2018,"623681124","ATK SPACE SYSTEMS INC.","SPACE COMPONENTS DIVISION","967356127","NORTHROP GRUMMAN CORPORATION","7130 MIRAMAR RD STE 100B","SAN DIEGO","CA","California","921212340","52","For-Profit Organization","SAN DIEGO","CA","California","921212340","52","Missile Antenna &Ped, NRE - Other.",NA,NA,NA,NA,NA,NA,NA,NA,NA,NA,2021-11-16 13:35:00
NA,NA,"97AE","DEFENSE ADVANCED RESEARCH PROJECTS AGENCY  (DARPA)","HR0011","DEF ADVANCED RESEARCH PROJECTS AGCY","5700","DEPT OF THE AIR FORCE","F1TBPV","AFRL RWP","RAYTHEON COMPANY","001339159","RAYTHEON COMPANY",NA,"Tucson",857566100,"02","AMS: ADV PROGRAMS","09b96a0c1fbd9bd31c6a6769d605ed7f",2018,8,"4201788379",88682,2018-08-08,2018,"623681124","ATK SPACE SYSTEMS INC.","SPACE COMPONENTS DIVISION","967356127","NORTHROP GRUMMAN CORPORATION","7130 MIRAMAR RD STE 100B","SAN DIEGO","CA","California","921212340","50","For-Profit Organization","SAN DIEGO","CA","California","921212340","50","Firm Fixed Price",NA,NA,NA,NA,NA,NA,NA,NA,NA,NA,2018-09-27 16:43:27
NA,NA,"97AE","DEFENSE ADVANCED RESEARCH PROJECTS AGENCY  (DARPA)","HR0011","DEF ADVANCED RESEARCH PROJECTS AGCY","97AE","DEFENSE ADVANCED RESEARCH PROJECTS AGENCY  (DARPA)","HR0011","DEF ADVANCED RESEARCH PROJECTS AGCY","RAYTHEON COMPANY","001344142","RAYTHEON TECHNOLOGIES CORPORATION","For-Profit Organization,Manufacturer of Goods","15090 Tucson, AZ",857569367,"03","HYPERSONIC AIR BREAT","3969f7c16051e43a4663fc4a20da4d12",2021,10,"4201610076",87585,2017-10-26,2018,"044239754","STANLEY MACHINING & TOOL CORP.",NA,"044239754","STANLEY MACHINING & TOOL CORP.","425 MAPLE AVE","CARPENTERSVILLE","IL","Illinois","601101939","08","For-Profit Organization,Manufacturer of Goods,Woman-Owned Business","CARPENTERSVILLE","IL","Illinois","601101939","08","Gen Structural Assys, Non-complex Machined.",NA,NA,NA,NA,NA,NA,NA,NA,NA,NA,2021-11-16 13:35:00
NA,NA,"97AE","DEFENSE ADVANCED RESEARCH PROJECTS AGENCY  (DARPA)","HR0011","DEF ADVANCED RESEARCH PROJECTS AGCY","97AE","DEFENSE ADVANCED RESEARCH PROJECTS AGENCY  (DARPA)","HR0011","DEF ADVANCED RESEARCH PROJECTS AGCY","RAYTHEON COMPANY","001344142","RAYTHEON TECHNOLOGIES CORPORATION",NA,"15090 Tucson, AZ",857569367,"03","HYPERSONIC AIR BREAT","9cc566b9e1dd74484ffd626aba55c80e",2020,10,"4201610076",87585,2017-10-26,2018,"044239754","STANLEY MACHINING & TOOL CORP.",NA,"044239754","STANLEY MACHINING & TOOL CORP.","425 MAPLE AVE","CARPENTERSVILLE","IL","Illinois","601101939","14","For-Profit Organization,Manufacturer of Goods,Woman-Owned Business","CARPENTERSVILLE","IL","Illinois","601101939","14","Gen Structural Assys, Non-complex Machined.",NA,NA,NA,NA,NA,NA,NA,NA,NA,NA,2020-11-17 10:56:12
NA,NA,"97AE","DEFENSE ADVANCED RESEARCH PROJECTS AGENCY  (DARPA)","HR0011","DEF ADVANCED RESEARCH PROJECTS AGCY","5700","DEPT OF THE AIR FORCE","F1TBPV","AFRL RWP","RAYTHEON COMPANY","001339159","RAYTHEON COMPANY",NA,"Tucson",857566100,"02","AMS: ADV PROGRAMS","e618b73244017dd5d391eb57ba5d995c",2018,5,"4201740735",87531,2018-05-24,2018,"134729487","TRIUMPH ENGINEERED SOLUTIONS, INC.","TRIUMPH FABRICATIONS - PHOENIX","807636451","TRIUMPH GROUP, INC.","6733 W WILLIS RD STE 5054","CHANDLER","AZ","Arizona","852265224","07","Contracts and Grants,For-Profit Organization,Manufacturer of Goods","CHANDLER","AZ","Arizona","852265224","07","Firm Fixed Price",NA,NA,NA,NA,NA,NA,NA,NA,NA,NA,2018-06-28 16:30:37
"N: Emergency P.L. 116-136;Q: Excluded from tracking (uses non-emergency/non-disaster designated appropriations)",1105080.5,"97AE","DEFENSE ADVANCED RESEARCH PROJECTS AGENCY  (DARPA)","HR0011","DEF ADVANCED RESEARCH PROJECTS AGCY","97AE","DEFENSE ADVANCED RESEARCH PROJECTS AGENCY  (DARPA)","HR0011","DEF ADVANCED RESEARCH PROJECTS AGCY","RAYTHEON COMPANY","001344142","RAYTHEON TECHNOLOGIES CORPORATION",NA,"15090 Tucson, AZ",857569367,"03","HYPERSONIC AIR BREAT","bd8b5f225247686425681a9a52611d13",2021,2,"4202371214",86583,2021-02-11,2021,"788104334","EAGLEPICHER TECHNOLOGIES, LLC",NA,"788104334","EAGLEPICHER TECHNOLOGIES, LLC","C & PORTER ST","JOPLIN","MO","Missouri","64801","07","For-Profit Organization,Limited Liability Company,Manufacturer of Goods","Joplin","MO","Missouri","648012816","07","Iron Batteries.","Gordon  Walker",587565,"Gary  McCloskey",346736,"Ronald  Nowlin",331263,"George  Cintra",316761,"Scott  Kidd",300665,2021-03-24 09:44:27
NA,NA,"97AE","DEFENSE ADVANCED RESEARCH PROJECTS AGENCY  (DARPA)","HR0011","DEF ADVANCED RESEARCH PROJECTS AGCY","5700","DEPT OF THE AIR FORCE","F4FRQH","AFRL RQH         HIGH SPEED SYS DIV","RAYTHEON COMPANY","001339159","RAYTHEON COMPANY",NA,"Tucson",857566100,"02","AMS: ADV PROGRAMS","8288f670d571716168cc410b943b5d04",2017,10,"4201535650",85283,2017-06-27,2017,"039115845","HONEYWELL INTERNATIONAL INC.","HONEYWELL","139691877","HONEYWELL INTERNATIONAL INC.","2600 RIDGWAY PARKWAY","MINNEAPOLIS","MN","Minnesota","554131719","05","For-Profit Organization,Manufacturer of Goods","MINNEAPOLIS","MN","Minnesota","554131719","05","Firm Fixed Price",NA,NA,NA,NA,NA,NA,NA,NA,NA,NA,2017-11-29 17:44:48
NA,NA,"97AE","DEFENSE ADVANCED RESEARCH PROJECTS AGENCY  (DARPA)","HR0011","DEF ADVANCED RESEARCH PROJECTS AGCY","97AE","DEFENSE ADVANCED RESEARCH PROJECTS AGENCY  (DARPA)","HR0011","DEF ADVANCED RESEARCH PROJECTS AGCY","RAYTHEON COMPANY","001344142","RAYTHEON TECHNOLOGIES CORPORATION",NA,"15090 Tucson, AZ",857569367,"03","HYPERSONIC AIR BREAT","9cc566b9e1dd74484ffd626aba55c80e",2020,10,"4201784265",84626,2018-08-02,2018,"045102274","DUCOMMUN LABARGE TECHNOLOGIES, INC.",NA,"006907042","Ducommun Incorporated","1505 S MAIDEN LN","JOPLIN","MO","Missouri","648013819","07","For-Profit Organization,Manufacturer of Goods","JOPLIN","MO","Missouri","648013819","07","CableAssy&HarnMulti, NRE - Other.",NA,NA,NA,NA,NA,NA,NA,NA,NA,NA,2020-11-17 10:56:12
NA,NA,"97AE","DEFENSE ADVANCED RESEARCH PROJECTS AGENCY  (DARPA)","HR0011","DEF ADVANCED RESEARCH PROJECTS AGCY","97AE","DEFENSE ADVANCED RESEARCH PROJECTS AGENCY  (DARPA)","HR0011","DEF ADVANCED RESEARCH PROJECTS AGCY","RAYTHEON COMPANY","001344142","RAYTHEON TECHNOLOGIES CORPORATION","For-Profit Organization,Manufacturer of Goods","15090 Tucson, AZ",857569367,"03","HYPERSONIC AIR BREAT","3969f7c16051e43a4663fc4a20da4d12",2021,10,"4201784265",84626,2018-08-02,2018,"045102274","DUCOMMUN LABARGE TECHNOLOGIES, INC.",NA,"006907042","Ducommun Incorporated","1505 S MAIDEN LN","JOPLIN","MO","Missouri","648013819","07","For-Profit Organization,Manufacturer of Goods","JOPLIN","MO","Missouri","648013819","07","CableAssy&HarnMulti, NRE - Other.",NA,NA,NA,NA,NA,NA,NA,NA,NA,NA,2021-11-16 13:35:00
NA,NA,"97AE","DEFENSE ADVANCED RESEARCH PROJECTS AGENCY  (DARPA)","HR0011","DEF ADVANCED RESEARCH PROJECTS AGCY","97AE","DEFENSE ADVANCED RESEARCH PROJECTS AGENCY  (DARPA)","HR0011","DEF ADVANCED RESEARCH PROJECTS AGCY","RAYTHEON COMPANY","001339159","RAYTHEON COMPANY",NA,"Tucson",857566100,"02","AMS: ADV PROGRAMS","03b2184d5343366bc2fc8a6d433924b3",2018,10,"4201807232",84134,2018-09-10,2018,"829171243","DUCOMMUN LABARGE TECHNOLOGIES, INC.",NA,"006907042","Ducommun Incorporated","2222 E PENSAR DR","APPLETON","WI","Wisconsin","549118789","08","For-Profit Organization,Manufacturer of Goods","APPLETON","WI","Wisconsin","549118789","08","Firm Fixed Price",NA,NA,NA,NA,NA,NA,NA,NA,NA,NA,2018-11-28 15:00:52
NA,NA,"97AE","DEFENSE ADVANCED RESEARCH PROJECTS AGENCY  (DARPA)","HR0011","DEF ADVANCED RESEARCH PROJECTS AGCY","97AE","DEFENSE ADVANCED RESEARCH PROJECTS AGENCY  (DARPA)","HR0011","DEF ADVANCED RESEARCH PROJECTS AGCY","RAYTHEON COMPANY","001344142","RAYTHEON TECHNOLOGIES CORPORATION",NA,"15090 Tucson, AZ",857569367,"03","HYPERSONIC AIR BREAT","9cc566b9e1dd74484ffd626aba55c80e",2020,10,"4201976890",84129,2019-05-14,2019,"123083784","CAMI RESEARCH, INC.",NA,NA,NA,"42 NAGOG PARK STE 115","ACTON","MA","Massachusetts","017203301","05","For-Profit Organization,Manufacturer of Goods","ACTON","MA","Massachusetts","017203445","05","NRE - Other, T/E Rental/Lease.",NA,NA,NA,NA,NA,NA,NA,NA,NA,NA,2020-11-17 10:56:12
NA,NA,"97AE","DEFENSE ADVANCED RESEARCH PROJECTS AGENCY  (DARPA)","HR0011","DEF ADVANCED RESEARCH PROJECTS AGCY","5700","DEPT OF THE AIR FORCE","F4FRQH","AFRL RQH         HIGH SPEED SYS DIV","RAYTHEON COMPANY","001339159","RAYTHEON COMPANY",NA,"Tucson",857566100,"02","AMS: ADV PROGRAMS","8288f670d571716168cc410b943b5d04",2017,10,"4201610263",83925,2017-10-25,2018,"044239754","STANLEY MACHINING & TOOL CORP.",NA,"044239754","STANLEY MACHINING & TOOL CORP.","425 MAPLE AVE","CARPENTERSVILLE","IL","Illinois","601101939","14","For-Profit Organization,Manufacturer of Goods,Woman-Owned Business","CARPENTERSVILLE","IL","Illinois","601101939","14","Firm Fixed Price",NA,NA,NA,NA,NA,NA,NA,NA,NA,NA,2017-11-29 17:44:48
NA,NA,"97AE","DEFENSE ADVANCED RESEARCH PROJECTS AGENCY  (DARPA)","HR0011","DEF ADVANCED RESEARCH PROJECTS AGCY","97AE","DEFENSE ADVANCED RESEARCH PROJECTS AGENCY  (DARPA)","HR0011","DEF ADVANCED RESEARCH PROJECTS AGCY","RAYTHEON COMPANY","001344142","RAYTHEON TECHNOLOGIES CORPORATION","For-Profit Organization,Manufacturer of Goods","15090 Tucson, AZ",857569367,"03","HYPERSONIC AIR BREAT","3969f7c16051e43a4663fc4a20da4d12",2021,10,"4201695968",83236,2018-04-04,2018,"959852161","A. P. I. INCORPORATED","ANEWCO PRODUCTS",NA,NA,"1800 S RESEARCH LOOP","TUCSON","AZ","Arizona","857106759","08","For-Profit Organization,S Corporation,Veteran Owned Business","TUCSON","AZ","Arizona","857106711","02","Gen Structural Assys, NRE - Engineering.",NA,NA,NA,NA,NA,NA,NA,NA,NA,NA,2021-11-16 13:35:00
NA,NA,"97AE","DEFENSE ADVANCED RESEARCH PROJECTS AGENCY  (DARPA)","HR0011","DEF ADVANCED RESEARCH PROJECTS AGCY","97AE","DEFENSE ADVANCED RESEARCH PROJECTS AGENCY  (DARPA)","HR0011","DEF ADVANCED RESEARCH PROJECTS AGCY","RAYTHEON COMPANY","001344142","RAYTHEON TECHNOLOGIES CORPORATION",NA,"15090 Tucson, AZ",857569367,"03","HYPERSONIC AIR BREAT","9cc566b9e1dd74484ffd626aba55c80e",2020,10,"4201695968",83236,2018-04-04,2018,"959852161","A. P. I. INCORPORATED","ANEWCO PRODUCTS",NA,NA,"1800 S RESEARCH LOOP","TUCSON","AZ","Arizona","857106759","08","For-Profit Organization,S Corporation,Veteran Owned Business","TUCSON","AZ","Arizona","857106711","08","Gen Structural Assys, NRE - Engineering.",NA,NA,NA,NA,NA,NA,NA,NA,NA,NA,2020-11-17 10:56:12
NA,NA,"97AE","DEFENSE ADVANCED RESEARCH PROJECTS AGENCY  (DARPA)","HR0011","DEF ADVANCED RESEARCH PROJECTS AGCY","97AE","DEFENSE ADVANCED RESEARCH PROJECTS AGENCY  (DARPA)","HR0011","DEF ADVANCED RESEARCH PROJECTS AGCY","RAYTHEON COMPANY","001339159","RAYTHEON COMPANY",NA,"Tucson",857566100,"02","AMS: ADV PROGRAMS","c5058a5fb384bb4dce6b6c8271869ac9",2018,9,"4201808524",80144,2018-09-11,2018,"787085901","MORGAN ADVANCED CERAMICS, INC","M C","210207205","MORGAN ADVANCED MATERIALS PLC","2425 WHIPPLE RD","HAYWARD","CA","California","945447807","13","For-Profit Organization,Manufacturer of Goods","HAYWARD","CA","California","945447807","13","Firm Fixed Price",NA,NA,NA,NA,NA,NA,NA,NA,NA,NA,2018-10-24 16:52:49
NA,NA,"97AE","DEFENSE ADVANCED RESEARCH PROJECTS AGENCY  (DARPA)","HR0011","DEF ADVANCED RESEARCH PROJECTS AGCY","5700","DEPT OF THE AIR FORCE","F4FRQH","AFRL RQH         HIGH SPEED SYS DIV","RAYTHEON COMPANY","001339159","RAYTHEON COMPANY",NA,"TUCSON",857566100,"02","AMS: ADV PROGRAMS","1ab3d0998d826d68ea2c956fb1bf989f",2017,5,"4201464966",78934,2017-02-24,2017,"062090931","TRI MODELS, INC.",NA,NA,NA,"5191 OCEANUS DR","HUNTINGTON BEACH","CA","California","926491026","46","For-Profit Organization,Manufacturer of Goods","HUNTINGTON BEACH","CA","California","926491026","46","Firm Fixed Price",NA,NA,NA,NA,NA,NA,NA,NA,NA,NA,2017-06-29 19:58:55
NA,NA,"97AE","DEFENSE ADVANCED RESEARCH PROJECTS AGENCY  (DARPA)","HR0011","DEF ADVANCED RESEARCH PROJECTS AGCY","5700","DEPT OF THE AIR FORCE","F1TBPV","AFRL RWP","RAYTHEON COMPANY","001339159","RAYTHEON COMPANY",NA,"Tucson",857566100,"02","AMS: ADV PROGRAMS","459d9460224b00f59a0d5c8b430fda5d",2018,7,"4201778901",78835,2018-07-25,2018,"832416932","DYNETICS TECHNICAL SOLUTIONS, INC.",NA,"075458455","DYNETICS, INC.","1051 ENTERPRISE WAY","HUNTSVILLE","AL","Alabama","358062730","05","For-Profit Organization","HUNTSVILLE","AL","Alabama","358062730","05","Time & Material",NA,NA,NA,NA,NA,NA,NA,NA,NA,NA,2018-08-29 14:49:02
NA,NA,"97AE","DEFENSE ADVANCED RESEARCH PROJECTS AGENCY  (DARPA)","HR0011","DEF ADVANCED RESEARCH PROJECTS AGCY","97AE","DEFENSE ADVANCED RESEARCH PROJECTS AGENCY  (DARPA)","HR0011","DEF ADVANCED RESEARCH PROJECTS AGCY","RAYTHEON COMPANY","001344142","RAYTHEON TECHNOLOGIES CORPORATION",NA,"15090 Tucson, AZ",857569367,"03","HYPERSONIC AIR BREAT","9cc566b9e1dd74484ffd626aba55c80e",2020,10,"4201980080",77000,2019-05-28,2019,"027694888","ADVANCED MATERIALS TECHNOLOGIES, LLC","AMT AMERICA",NA,NA,"2002 E WATKINS ST","PHOENIX","AZ","Arizona","850345800","04","Contracts and Grants,For-Profit Organization,Limited Liability Company","PHOENIX","AZ","Arizona","850345802","04","Gen Structural Assys.",NA,NA,NA,NA,NA,NA,NA,NA,NA,NA,2020-11-17 10:56:12
NA,NA,"97AE","DEFENSE ADVANCED RESEARCH PROJECTS AGENCY  (DARPA)","HR0011","DEF ADVANCED RESEARCH PROJECTS AGCY","97AE","DEFENSE ADVANCED RESEARCH PROJECTS AGENCY  (DARPA)","HR0011","DEF ADVANCED RESEARCH PROJECTS AGCY","RAYTHEON COMPANY","001344142","RAYTHEON TECHNOLOGIES CORPORATION","For-Profit Organization,Manufacturer of Goods","15090 Tucson, AZ",857569367,"03","HYPERSONIC AIR BREAT","3969f7c16051e43a4663fc4a20da4d12",2021,10,"4201980080",77000,2019-05-28,2019,"027694888","ADVANCED MATERIALS TECHNOLOGIES, LLC","AMT AMERICA",NA,NA,"7030 W OAKLAND ST","CHANDLER","AZ","Arizona","852262401","09","For-Profit Organization,Limited Liability Company","CHANDLER","AZ","Arizona","852262401","09","Gen Structural Assys.",NA,NA,NA,NA,NA,NA,NA,NA,NA,NA,2021-11-16 13:35:00
NA,NA,"97AE","DEFENSE ADVANCED RESEARCH PROJECTS AGENCY  (DARPA)","HR0011","DEF ADVANCED RESEARCH PROJECTS AGCY","97AE","DEFENSE ADVANCED RESEARCH PROJECTS AGENCY  (DARPA)","HR0011","DEF ADVANCED RESEARCH PROJECTS AGCY","RAYTHEON COMPANY","001344142","RAYTHEON TECHNOLOGIES CORPORATION",NA,"15090 Tucson, AZ",857569367,"03","HYPERSONIC AIR BREAT","9cc566b9e1dd74484ffd626aba55c80e",2020,10,"4201740735",76973,2018-06-04,2018,"117056811","RADIUS AEROSPACE, INC.",NA,"117032139","Radius Aerospace, Inc.","6733 W WILLIS RD","CHANDLER","AZ","Arizona","852265105","07","For-Profit Organization,Manufacturer of Goods","CHANDLER","AZ","Arizona","852265105","07","Gen Structural Assys, NRE - Engineering.",NA,NA,NA,NA,NA,NA,NA,NA,NA,NA,2020-11-17 10:56:12
NA,NA,"97AE","DEFENSE ADVANCED RESEARCH PROJECTS AGENCY  (DARPA)","HR0011","DEF ADVANCED RESEARCH PROJECTS AGCY","97AE","DEFENSE ADVANCED RESEARCH PROJECTS AGENCY  (DARPA)","HR0011","DEF ADVANCED RESEARCH PROJECTS AGCY","RAYTHEON COMPANY","001344142","RAYTHEON TECHNOLOGIES CORPORATION","For-Profit Organization,Manufacturer of Goods","15090 Tucson, AZ",857569367,"03","HYPERSONIC AIR BREAT","3969f7c16051e43a4663fc4a20da4d12",2021,10,"4201740735",76973,2018-06-04,2018,"117056811","RADIUS AEROSPACE, INC.",NA,"053236449","ARLINGTON CAPITAL PARTNERS IV, L.P.","6733 W WILLIS RD","CHANDLER","AZ","Arizona","852265105","01","For-Profit Organization,Manufacturer of Goods","CHANDLER","AZ","Arizona","852265105","01","Gen Structural Assys, NRE - Engineering.",NA,NA,NA,NA,NA,NA,NA,NA,NA,NA,2021-11-16 13:35:00
NA,NA,"97AE","DEFENSE ADVANCED RESEARCH PROJECTS AGENCY  (DARPA)","HR0011","DEF ADVANCED RESEARCH PROJECTS AGCY","5700","DEPT OF THE AIR FORCE","F1TBPV","AFRL RWP","RAYTHEON COMPANY","001339159","RAYTHEON COMPANY",NA,"Tucson",857566100,"02","AMS: ADV PROGRAMS","e618b73244017dd5d391eb57ba5d995c",2018,5,"4201727515",76100,2018-05-04,2018,"787085901","MORGAN ADVANCED CERAMICS, INC.","M C","210207205","MORGAN ADVANCED MATERIALS PLC","2425 WHIPPLE RD","HAYWARD","CA","California","945447807","13","For-Profit Organization,Manufacturer of Goods","HAYWARD","CA","California","945447807","13","Firm Fixed Price",NA,NA,NA,NA,NA,NA,NA,NA,NA,NA,2018-06-28 16:30:37
NA,NA,"97AE","DEFENSE ADVANCED RESEARCH PROJECTS AGENCY  (DARPA)","HR0011","DEF ADVANCED RESEARCH PROJECTS AGCY","5700","DEPT OF THE AIR FORCE","F1TBPV","AFRL RWP","RAYTHEON COMPANY","001339159","RAYTHEON COMPANY",NA,"Tucson",857566100,"02","AMS: ADV PROGRAMS","4643691999254897739023b0ad79a285",2018,12,"4201615035",75102,2017-11-02,2018,"004953852","PCC STRUCTURALS, INC.","PCC SCHLOSSER","001024314","BERKSHIRE HATHAWAY INC.","345 NE HEMLOCK AVE","REDMOND","OR","Oregon","977561430","02","Contracts,For-Profit Organization,Manufacturer of Goods","REDMOND","OR","Oregon","977561430","02","Firm Fixed Price",NA,NA,NA,NA,NA,NA,NA,NA,NA,NA,2019-01-11 18:13:05
NA,NA,"97AE","DEFENSE ADVANCED RESEARCH PROJECTS AGENCY  (DARPA)","HR0011","DEF ADVANCED RESEARCH PROJECTS AGCY","5700","DEPT OF THE AIR FORCE","F1TBPV","AFRL RWP","RAYTHEON COMPANY","001339159","RAYTHEON COMPANY",NA,"Tucson",857566100,"02","AMS: ADV PROGRAMS","09b96a0c1fbd9bd31c6a6769d605ed7f",2018,8,"4201796856",74020,2018-08-22,2018,"831282715","INOVAR, INC.",NA,NA,NA,"750 EAST 1600 N","NORTH LOGAN","UT","Utah","84341","01","For-Profit Organization,S Corporation","LOGAN","UT","Utah","843211713","01","Firm Fixed Price",NA,NA,NA,NA,NA,NA,NA,NA,NA,NA,2018-09-27 16:43:27
NA,NA,"97AE","DEFENSE ADVANCED RESEARCH PROJECTS AGENCY  (DARPA)","HR0011","DEF ADVANCED RESEARCH PROJECTS AGCY","5700","DEPT OF THE AIR FORCE","F1TBPV","AFRL RWP","RAYTHEON COMPANY","001339159","RAYTHEON COMPANY",NA,"Tucson",857566100,"02","AMS: ADV PROGRAMS","813c30bc44e1bea1e5e1ea73cf917ade",2018,6,"4201710666",73854,2018-04-16,2018,"189737810","CONCURRENT TECHNOLOGIES CORPORATION","C T C","189737810","CONCURRENT TECHNOLOGIES CORPORATION","100 CTC DR","JOHNSTOWN","PA","Pennsylvania","159041935","12","Nonprofit Organization","JOHNSTOWN","PA","Pennsylvania","159041935","12","Time & Material",NA,NA,NA,NA,NA,NA,NA,NA,NA,NA,2018-07-09 19:26:13
NA,NA,"97AE","DEFENSE ADVANCED RESEARCH PROJECTS AGENCY  (DARPA)","HR0011","DEF ADVANCED RESEARCH PROJECTS AGCY","97AE","DEFENSE ADVANCED RESEARCH PROJECTS AGENCY  (DARPA)","HR0011","DEF ADVANCED RESEARCH PROJECTS AGCY","RAYTHEON COMPANY","001339159","RAYTHEON COMPANY",NA,"Tucson",857566100,"02","AMS: ADV PROGRAMS","f2e89b75312c1ecb90729fd00edcd5d8",2017,12,"4201633364",73308,2017-12-01,2018,"044239754","STANLEY MACHINING & TOOL CORP.",NA,"044239754","STANLEY MACHINING & TOOL CORP.","425 MAPLE AVE","CARPENTERSVILLE","IL","Illinois","601101939","14","For-Profit Organization,Manufacturer of Goods,Woman-Owned Business","CARPENTERSVILLE","IL","Illinois","601101939","14","Firm Fixed Price",NA,NA,NA,NA,NA,NA,NA,NA,NA,NA,2018-01-23 19:06:21
NA,NA,"97AE","DEFENSE ADVANCED RESEARCH PROJECTS AGENCY  (DARPA)","HR0011","DEF ADVANCED RESEARCH PROJECTS AGCY","97AE","DEFENSE ADVANCED RESEARCH PROJECTS AGENCY  (DARPA)","HR0011","DEF ADVANCED RESEARCH PROJECTS AGCY","RAYTHEON COMPANY","001339159","RAYTHEON COMPANY",NA,"Tucson",857566100,"02","AMS: ADV PROGRAMS","f2e89b75312c1ecb90729fd00edcd5d8",2017,12,"4201643807",73308,2017-12-18,2018,"044239754","STANLEY MACHINING & TOOL CORP.",NA,"044239754","STANLEY MACHINING & TOOL CORP.","425 MAPLE AVE","CARPENTERSVILLE","IL","Illinois","601101939","14","For-Profit Organization,Manufacturer of Goods,Woman-Owned Business","CARPENTERSVILLE","IL","Illinois","601101939","14","Firm Fixed Price",NA,NA,NA,NA,NA,NA,NA,NA,NA,NA,2018-01-23 19:06:21
NA,NA,"97AE","DEFENSE ADVANCED RESEARCH PROJECTS AGENCY  (DARPA)","HR0011","DEF ADVANCED RESEARCH PROJECTS AGCY","97AE","DEFENSE ADVANCED RESEARCH PROJECTS AGENCY  (DARPA)","HR0011","DEF ADVANCED RESEARCH PROJECTS AGCY","RAYTHEON COMPANY","001344142","RAYTHEON TECHNOLOGIES CORPORATION",NA,"15090 Tucson, AZ",857569367,"03","HYPERSONIC AIR BREAT","9cc566b9e1dd74484ffd626aba55c80e",2020,10,"4201807232",71967,2018-09-12,2018,"829171243","DUCOMMUN LABARGE TECHNOLOGIES, INC.",NA,"006907042","Ducommun Incorporated","2222 E PENSAR DR","APPLETON","WI","Wisconsin","549118789","08","For-Profit Organization,Manufacturer of Goods","APPLETON","WI","Wisconsin","549118789","08","Custom CCA's.",NA,NA,NA,NA,NA,NA,NA,NA,NA,NA,2020-11-17 10:56:12
NA,NA,"97AE","DEFENSE ADVANCED RESEARCH PROJECTS AGENCY  (DARPA)","HR0011","DEF ADVANCED RESEARCH PROJECTS AGCY","97AE","DEFENSE ADVANCED RESEARCH PROJECTS AGENCY  (DARPA)","HR0011","DEF ADVANCED RESEARCH PROJECTS AGCY","RAYTHEON COMPANY","001344142","RAYTHEON TECHNOLOGIES CORPORATION","For-Profit Organization,Manufacturer of Goods","15090 Tucson, AZ",857569367,"03","HYPERSONIC AIR BREAT","3969f7c16051e43a4663fc4a20da4d12",2021,10,"4201807232",71967,2018-09-12,2018,"829171243","LABARGE ACQUISITION COMPANY, INC.",NA,"006907042","Ducommun Incorporated","2222 E PENSAR DR","APPLETON","WI","Wisconsin","549118789","08","For-Profit Organization,Manufacturer of Goods","APPLETON","WI","Wisconsin","549118789","08","Custom CCA's.",NA,NA,NA,NA,NA,NA,NA,NA,NA,NA,2021-11-16 13:35:00
NA,NA,"97AE","DEFENSE ADVANCED RESEARCH PROJECTS AGENCY  (DARPA)","HR0011","DEF ADVANCED RESEARCH PROJECTS AGCY","97AE","DEFENSE ADVANCED RESEARCH PROJECTS AGENCY  (DARPA)","HR0011","DEF ADVANCED RESEARCH PROJECTS AGCY","RAYTHEON COMPANY","001344142","RAYTHEON TECHNOLOGIES CORPORATION",NA,"15090 Tucson, AZ",857569367,"03","HYPERSONIC AIR BREAT","9cc566b9e1dd74484ffd626aba55c80e",2020,10,"4201807449",70980,2018-09-12,2018,"831282715","INOVAR, INC.",NA,NA,NA,"750 EAST 1600 N","NORTH LOGAN","UT","Utah","843414103","01","For-Profit Organization,S Corporation","NORTH LOGAN","UT","Utah","843414103","01","Custom CCA's.",NA,NA,NA,NA,NA,NA,NA,NA,NA,NA,2020-11-17 10:56:12
NA,NA,"97AE","DEFENSE ADVANCED RESEARCH PROJECTS AGENCY  (DARPA)","HR0011","DEF ADVANCED RESEARCH PROJECTS AGCY","97AE","DEFENSE ADVANCED RESEARCH PROJECTS AGENCY  (DARPA)","HR0011","DEF ADVANCED RESEARCH PROJECTS AGCY","RAYTHEON COMPANY","001344142","RAYTHEON TECHNOLOGIES CORPORATION","For-Profit Organization,Manufacturer of Goods","15090 Tucson, AZ",857569367,"03","HYPERSONIC AIR BREAT","3969f7c16051e43a4663fc4a20da4d12",2021,10,"4201807449",70980,2018-09-12,2018,"831282715","SPARTRONICS LOGAN, LLC",NA,"117651592","Ems Holdco, Inc.","750 EAST 1600 N","NORTH LOGAN","UT","Utah","843414103","01","For-Profit Organization,S Corporation","NORTH LOGAN","UT","Utah","843414103","01","Custom CCA's.",NA,NA,NA,NA,NA,NA,NA,NA,NA,NA,2021-11-16 13:35:00
NA,NA,"97AE","DEFENSE ADVANCED RESEARCH PROJECTS AGENCY  (DARPA)","HR0011","DEF ADVANCED RESEARCH PROJECTS AGCY","97AE","DEFENSE ADVANCED RESEARCH PROJECTS AGENCY  (DARPA)","HR0011","DEF ADVANCED RESEARCH PROJECTS AGCY","RAYTHEON COMPANY","001344142","RAYTHEON TECHNOLOGIES CORPORATION",NA,"15090 Tucson, AZ",857569367,"03","HYPERSONIC AIR BREAT","9cc566b9e1dd74484ffd626aba55c80e",2020,10,"4201789062",70147,2018-08-10,2018,"045102274","DUCOMMUN LABARGE TECHNOLOGIES, INC.",NA,"006907042","Ducommun Incorporated","1505 S MAIDEN LN","JOPLIN","MO","Missouri","648013819","07","For-Profit Organization,Manufacturer of Goods","JOPLIN","MO","Missouri","648013819","07","CableAssy&HarnMulti, NRE - Other.",NA,NA,NA,NA,NA,NA,NA,NA,NA,NA,2020-11-17 10:56:12
NA,NA,"97AE","DEFENSE ADVANCED RESEARCH PROJECTS AGENCY  (DARPA)","HR0011","DEF ADVANCED RESEARCH PROJECTS AGCY","97AE","DEFENSE ADVANCED RESEARCH PROJECTS AGENCY  (DARPA)","HR0011","DEF ADVANCED RESEARCH PROJECTS AGCY","RAYTHEON COMPANY","001344142","RAYTHEON TECHNOLOGIES CORPORATION","For-Profit Organization,Manufacturer of Goods","15090 Tucson, AZ",857569367,"03","HYPERSONIC AIR BREAT","3969f7c16051e43a4663fc4a20da4d12",2021,10,"4201789062",70147,2018-08-10,2018,"045102274","DUCOMMUN LABARGE TECHNOLOGIES, INC.",NA,"006907042","Ducommun Incorporated","1505 S MAIDEN LN","JOPLIN","MO","Missouri","648013819","07","For-Profit Organization,Manufacturer of Goods","JOPLIN","MO","Missouri","648013819","07","CableAssy&HarnMulti, NRE - Other.",NA,NA,NA,NA,NA,NA,NA,NA,NA,NA,2021-11-16 13:35:00
NA,NA,"97AE","DEFENSE ADVANCED RESEARCH PROJECTS AGENCY  (DARPA)","HR0011","DEF ADVANCED RESEARCH PROJECTS AGCY","97AE","DEFENSE ADVANCED RESEARCH PROJECTS AGENCY  (DARPA)","HR0011","DEF ADVANCED RESEARCH PROJECTS AGCY","RAYTHEON COMPANY","001344142","RAYTHEON TECHNOLOGIES CORPORATION","For-Profit Organization,Manufacturer of Goods","15090 Tucson, AZ",857569367,"03","HYPERSONIC AIR BREAT","3969f7c16051e43a4663fc4a20da4d12",2021,10,"4201710666",69447,2018-04-16,2018,"189737810","CONCURRENT TECHNOLOGIES CORPORATION","CTC","189737810","CONCURRENT TECHNOLOGIES CORPORATION","100 CTC DR","JOHNSTOWN","PA","Pennsylvania","159041935","15","Nonprofit Organization","JOHNSTOWN","PA","Pennsylvania","159041935","15","NRE - Other.",NA,NA,NA,NA,NA,NA,NA,NA,NA,NA,2021-11-16 13:35:00
NA,NA,"97AE","DEFENSE ADVANCED RESEARCH PROJECTS AGENCY  (DARPA)","HR0011","DEF ADVANCED RESEARCH PROJECTS AGCY","97AE","DEFENSE ADVANCED RESEARCH PROJECTS AGENCY  (DARPA)","HR0011","DEF ADVANCED RESEARCH PROJECTS AGCY","RAYTHEON COMPANY","001344142","RAYTHEON TECHNOLOGIES CORPORATION",NA,"15090 Tucson, AZ",857569367,"03","HYPERSONIC AIR BREAT","9cc566b9e1dd74484ffd626aba55c80e",2020,10,"4201710666",69447,2018-04-16,2018,"189737810","CONCURRENT TECHNOLOGIES CORPORATION","CTC","189737810","CONCURRENT TECHNOLOGIES CORPORATION","100 CTC DR","JOHNSTOWN","PA","Pennsylvania","159041935","12","Nonprofit Organization","JOHNSTOWN","PA","Pennsylvania","159041935","12","NRE - Other.",NA,NA,NA,NA,NA,NA,NA,NA,NA,NA,2020-11-17 10:56:12
NA,NA,"97AE","DEFENSE ADVANCED RESEARCH PROJECTS AGENCY  (DARPA)","HR0011","DEF ADVANCED RESEARCH PROJECTS AGCY","97AE","DEFENSE ADVANCED RESEARCH PROJECTS AGENCY  (DARPA)","HR0011","DEF ADVANCED RESEARCH PROJECTS AGCY","RAYTHEON COMPANY","001344142","RAYTHEON TECHNOLOGIES CORPORATION",NA,"15090 Tucson, AZ",857569367,"03","HYPERSONIC AIR BREAT","9cc566b9e1dd74484ffd626aba55c80e",2020,10,"4202115170",67722,2019-12-17,2020,"045017675","VENTURA AEROSPACE, INC.",NA,NA,NA,"31355 AGOURA RD","WESTLAKE VILLAGE","CA","California","913614610","30","For-Profit Organization,S Corporation","WESTLAKE VILLAGE","CA","California","913614610","30","Major Assemblies.",NA,NA,NA,NA,NA,NA,NA,NA,NA,NA,2020-11-17 10:56:12
NA,NA,"97AE","DEFENSE ADVANCED RESEARCH PROJECTS AGENCY  (DARPA)","HR0011","DEF ADVANCED RESEARCH PROJECTS AGCY","97AE","DEFENSE ADVANCED RESEARCH PROJECTS AGENCY  (DARPA)","HR0011","DEF ADVANCED RESEARCH PROJECTS AGCY","RAYTHEON COMPANY","001344142","RAYTHEON TECHNOLOGIES CORPORATION","For-Profit Organization,Manufacturer of Goods","15090 Tucson, AZ",857569367,"03","HYPERSONIC AIR BREAT","3969f7c16051e43a4663fc4a20da4d12",2021,10,"4202115170",67722,2019-12-17,2020,"045017675","VENTURA AEROSPACE, INC.",NA,NA,NA,"31355 AGOURA RD","WESTLAKE VILLAGE","CA","California","913614610","26","For-Profit Organization,S Corporation","WESTLAKE VILLAGE","CA","California","913614610","26","Major Assemblies.",NA,NA,NA,NA,NA,NA,NA,NA,NA,NA,2021-11-16 13:35:00
NA,NA,"97AE","DEFENSE ADVANCED RESEARCH PROJECTS AGENCY  (DARPA)","HR0011","DEF ADVANCED RESEARCH PROJECTS AGCY","97AE","DEFENSE ADVANCED RESEARCH PROJECTS AGENCY  (DARPA)","HR0011","DEF ADVANCED RESEARCH PROJECTS AGCY","RAYTHEON COMPANY","001344142","RAYTHEON TECHNOLOGIES CORPORATION","For-Profit Organization,Manufacturer of Goods","15090 Tucson, AZ",857569367,"03","HYPERSONIC AIR BREAT","3969f7c16051e43a4663fc4a20da4d12",2021,10,"4201796856",67401,2018-08-23,2018,"831282715","SPARTRONICS LOGAN, LLC",NA,"117651592","Ems Holdco, Inc.","750 EAST 1600 N","NORTH LOGAN","UT","Utah","843414103","01","For-Profit Organization,S Corporation","NORTH LOGAN","UT","Utah","843414103","01","Custom CCA's, NRE - Other.",NA,NA,NA,NA,NA,NA,NA,NA,NA,NA,2021-11-16 13:35:00
NA,NA,"97AE","DEFENSE ADVANCED RESEARCH PROJECTS AGENCY  (DARPA)","HR0011","DEF ADVANCED RESEARCH PROJECTS AGCY","97AE","DEFENSE ADVANCED RESEARCH PROJECTS AGENCY  (DARPA)","HR0011","DEF ADVANCED RESEARCH PROJECTS AGCY","RAYTHEON COMPANY","001344142","RAYTHEON TECHNOLOGIES CORPORATION",NA,"15090 Tucson, AZ",857569367,"03","HYPERSONIC AIR BREAT","9cc566b9e1dd74484ffd626aba55c80e",2020,10,"4201796856",67401,2018-08-23,2018,"831282715","INOVAR, INC.",NA,NA,NA,"750 EAST 1600 N","NORTH LOGAN","UT","Utah","843414103","01","For-Profit Organization,S Corporation","NORTH LOGAN","UT","Utah","843414103","01","Custom CCA's, NRE - Other.",NA,NA,NA,NA,NA,NA,NA,NA,NA,NA,2020-11-17 10:56:12
NA,NA,"97AE","DEFENSE ADVANCED RESEARCH PROJECTS AGENCY  (DARPA)","HR0011","DEF ADVANCED RESEARCH PROJECTS AGCY","97AE","DEFENSE ADVANCED RESEARCH PROJECTS AGENCY  (DARPA)","HR0011","DEF ADVANCED RESEARCH PROJECTS AGCY","RAYTHEON COMPANY","001344142","RAYTHEON TECHNOLOGIES CORPORATION","For-Profit Organization,Manufacturer of Goods","15090 Tucson, AZ",857569367,"03","HYPERSONIC AIR BREAT","3969f7c16051e43a4663fc4a20da4d12",2021,10,"4201761641",66325,2018-06-27,2018,"119159270","QUASONIX, LLC","Quasonix","119159270","QUASONIX, LLC","6025 SCHUMACHER PARK DR","WEST CHESTER","OH","Ohio","450694812","08","For-Profit Organization,Manufacturer of Goods,S Corporation","WEST CHESTER","OH","Ohio","450694812","08","Transmitters.",NA,NA,NA,NA,NA,NA,NA,NA,NA,NA,2021-11-16 13:35:00
NA,NA,"97AE","DEFENSE ADVANCED RESEARCH PROJECTS AGENCY  (DARPA)","HR0011","DEF ADVANCED RESEARCH PROJECTS AGCY","97AE","DEFENSE ADVANCED RESEARCH PROJECTS AGENCY  (DARPA)","HR0011","DEF ADVANCED RESEARCH PROJECTS AGCY","RAYTHEON COMPANY","001344142","RAYTHEON TECHNOLOGIES CORPORATION",NA,"15090 Tucson, AZ",857569367,"03","HYPERSONIC AIR BREAT","9cc566b9e1dd74484ffd626aba55c80e",2020,10,"4201761641",66325,2018-06-27,2018,"119159270","QUASONIX, LLC","Quasonix","119159270","QUASONIX, LLC","6025 SCHUMACHER PARK DR","WEST CHESTER","OH","Ohio","450694812","08","For-Profit Organization,Manufacturer of Goods,S Corporation","WEST CHESTER","OH","Ohio","450694812","08","Transmitters.",NA,NA,NA,NA,NA,NA,NA,NA,NA,NA,2020-11-17 10:56:12
NA,NA,"97AE","DEFENSE ADVANCED RESEARCH PROJECTS AGENCY  (DARPA)","HR0011","DEF ADVANCED RESEARCH PROJECTS AGCY","5700","DEPT OF THE AIR FORCE","F1TBPV","AFRL RWP","RAYTHEON COMPANY","001339159","RAYTHEON COMPANY",NA,"Tucson",857566100,"02","AMS: ADV PROGRAMS","813c30bc44e1bea1e5e1ea73cf917ade",2018,6,"4201761641",66325,2018-06-27,2018,"119159270","QUASONIX, LLC","Quasonix","119159270","QUASONIX, LLC","6025 SCHUMACHER PARK DR","WEST CHESTER","OH","Ohio","450694812","08","For-Profit Organization,S Corporation","WEST CHESTER","OH","Ohio","450694812","08","Firm Fixed Price",NA,NA,NA,NA,NA,NA,NA,NA,NA,NA,2018-07-09 19:26:13
NA,NA,"97AE","DEFENSE ADVANCED RESEARCH PROJECTS AGENCY  (DARPA)","HR0011","DEF ADVANCED RESEARCH PROJECTS AGCY","97AE","DEFENSE ADVANCED RESEARCH PROJECTS AGENCY  (DARPA)","HR0011","DEF ADVANCED RESEARCH PROJECTS AGCY","RAYTHEON COMPANY","001344142","RAYTHEON TECHNOLOGIES CORPORATION",NA,"15090 Tucson, AZ",857569367,"03","HYPERSONIC AIR BREAT","9cc566b9e1dd74484ffd626aba55c80e",2020,10,"4201735718",66160,2018-05-23,2018,"026249487","ALLCOMP INC.",NA,NA,NA,"209 PUENTE AVE","CITY OF INDUSTRY","CA","California","917462304","38","Asian-Pacific American Owned,For-Profit Organization,Manufacturer of Goods,Minority-Owned business,Self-Certified Small Disadvantaged Business","CITY OF INDUSTRY","CA","California","917462304","38","Missile Antenna &Ped.",NA,NA,NA,NA,NA,NA,NA,NA,NA,NA,2020-11-17 10:56:12
NA,NA,"97AE","DEFENSE ADVANCED RESEARCH PROJECTS AGENCY  (DARPA)","HR0011","DEF ADVANCED RESEARCH PROJECTS AGCY","97AE","DEFENSE ADVANCED RESEARCH PROJECTS AGENCY  (DARPA)","HR0011","DEF ADVANCED RESEARCH PROJECTS AGCY","RAYTHEON COMPANY","001344142","RAYTHEON TECHNOLOGIES CORPORATION","For-Profit Organization,Manufacturer of Goods","15090 Tucson, AZ",857569367,"03","HYPERSONIC AIR BREAT","3969f7c16051e43a4663fc4a20da4d12",2021,10,"4201735718",66160,2018-05-23,2018,"026249487","ALLCOMP INC.",NA,NA,NA,"209 PUENTE AVE","CITY OF INDUSTRY","CA","California","917462304","32","For-Profit Organization,Manufacturer of Goods,Self-Certified Small Disadvantaged Business","CITY OF INDUSTRY","CA","California","917462304","32","Missile Antenna &Ped.",NA,NA,NA,NA,NA,NA,NA,NA,NA,NA,2021-11-16 13:35:00
NA,NA,"97AE","DEFENSE ADVANCED RESEARCH PROJECTS AGENCY  (DARPA)","HR0011","DEF ADVANCED RESEARCH PROJECTS AGCY","97AE","DEFENSE ADVANCED RESEARCH PROJECTS AGENCY  (DARPA)","HR0011","DEF ADVANCED RESEARCH PROJECTS AGCY","RAYTHEON COMPANY","001344142","RAYTHEON TECHNOLOGIES CORPORATION","For-Profit Organization,Manufacturer of Goods","15090 Tucson, AZ",857569367,"03","HYPERSONIC AIR BREAT","3969f7c16051e43a4663fc4a20da4d12",2021,10,"4201643807",64840,2017-12-19,2018,"044239754","STANLEY MACHINING & TOOL CORP.",NA,"044239754","STANLEY MACHINING & TOOL CORP.","425 MAPLE AVE","CARPENTERSVILLE","IL","Illinois","601101939","08","For-Profit Organization,Manufacturer of Goods,Woman-Owned Business","CARPENTERSVILLE","IL","Illinois","601101939","08","Non-complex Machined, Precision Machined.",NA,NA,NA,NA,NA,NA,NA,NA,NA,NA,2021-11-16 13:35:00
NA,NA,"97AE","DEFENSE ADVANCED RESEARCH PROJECTS AGENCY  (DARPA)","HR0011","DEF ADVANCED RESEARCH PROJECTS AGCY","97AE","DEFENSE ADVANCED RESEARCH PROJECTS AGENCY  (DARPA)","HR0011","DEF ADVANCED RESEARCH PROJECTS AGCY","RAYTHEON COMPANY","001344142","RAYTHEON TECHNOLOGIES CORPORATION",NA,"15090 Tucson, AZ",857569367,"03","HYPERSONIC AIR BREAT","9cc566b9e1dd74484ffd626aba55c80e",2020,10,"4201643807",64840,2017-12-19,2018,"044239754","STANLEY MACHINING & TOOL CORP.",NA,"044239754","STANLEY MACHINING & TOOL CORP.","425 MAPLE AVE","CARPENTERSVILLE","IL","Illinois","601101939","14","For-Profit Organization,Manufacturer of Goods,Woman-Owned Business","CARPENTERSVILLE","IL","Illinois","601101939","14","Non-complex Machined, Precision Machined.",NA,NA,NA,NA,NA,NA,NA,NA,NA,NA,2020-11-17 10:56:12
NA,NA,"97AE","DEFENSE ADVANCED RESEARCH PROJECTS AGENCY  (DARPA)","HR0011","DEF ADVANCED RESEARCH PROJECTS AGCY","5700","DEPT OF THE AIR FORCE","F1TBPV","AFRL RWP","RAYTHEON COMPANY","001339159","RAYTHEON COMPANY",NA,"Tucson",857566100,"02","AMS: ADV PROGRAMS","09b96a0c1fbd9bd31c6a6769d605ed7f",2018,8,"4201789062",64782,2018-08-09,2018,"045102274","DUCOMMUN LABARGE TECHNOLOGIES, INC.",NA,"006907042","Ducommun Incorporated","1505 S MAIDEN LN","JOPLIN","MO","Missouri","648013819","07","For-Profit Organization,Manufacturer of Goods","JOPLIN","MO","Missouri","648013819","07","Firm Fixed Price",NA,NA,NA,NA,NA,NA,NA,NA,NA,NA,2018-09-27 16:43:27
NA,NA,"97AE","DEFENSE ADVANCED RESEARCH PROJECTS AGENCY  (DARPA)","HR0011","DEF ADVANCED RESEARCH PROJECTS AGCY","97AE","DEFENSE ADVANCED RESEARCH PROJECTS AGENCY  (DARPA)","HR0011","DEF ADVANCED RESEARCH PROJECTS AGCY","RAYTHEON COMPANY","001344142","RAYTHEON TECHNOLOGIES CORPORATION",NA,"15090 Tucson, AZ",857569367,"03","HYPERSONIC AIR BREAT","9cc566b9e1dd74484ffd626aba55c80e",2020,10,"4201926136",64237,2019-03-06,2019,"084190594","MICRO SYSTEMS, INC.",NA,"884457813","KRATOS DEFENSE & SECURITY SOLUTIONS, INC.","35 HILL AVE","FORT WALTON BEACH","FL","Florida","325483846","01","For-Profit Organization,Manufacturer of Goods","FORT WALTON BEACH","FL","Florida","325483846","01","T/E Rental/Lease.",NA,NA,NA,NA,NA,NA,NA,NA,NA,NA,2020-11-17 10:56:12
NA,NA,"97AE","DEFENSE ADVANCED RESEARCH PROJECTS AGENCY  (DARPA)","HR0011","DEF ADVANCED RESEARCH PROJECTS AGCY","97AE","DEFENSE ADVANCED RESEARCH PROJECTS AGENCY  (DARPA)","HR0011","DEF ADVANCED RESEARCH PROJECTS AGCY","RAYTHEON COMPANY","001344142","RAYTHEON TECHNOLOGIES CORPORATION","For-Profit Organization,Manufacturer of Goods","15090 Tucson, AZ",857569367,"03","HYPERSONIC AIR BREAT","3969f7c16051e43a4663fc4a20da4d12",2021,10,"4201926136",64237,2019-03-06,2019,"084190594","MICRO SYSTEMS, INC.",NA,"884457813","KRATOS DEFENSE & SECURITY SOLUTIONS, INC.","35 HILL AVE","FORT WALTON BEACH","FL","Florida","325483846","01","For-Profit Organization,Manufacturer of Goods","FORT WALTON BEACH","FL","Florida","325483858","01","T/E Rental/Lease.",NA,NA,NA,NA,NA,NA,NA,NA,NA,NA,2021-11-16 13:35:00
NA,NA,"97AE","DEFENSE ADVANCED RESEARCH PROJECTS AGENCY  (DARPA)","HR0011","DEF ADVANCED RESEARCH PROJECTS AGCY","97AE","DEFENSE ADVANCED RESEARCH PROJECTS AGENCY  (DARPA)","HR0011","DEF ADVANCED RESEARCH PROJECTS AGCY","RAYTHEON COMPANY","001344142","RAYTHEON TECHNOLOGIES CORPORATION",NA,"15090 Tucson, AZ",857569367,"03","HYPERSONIC AIR BREAT","9cc566b9e1dd74484ffd626aba55c80e",2020,10,"4201535650",62645,2017-10-24,2018,"039115845","HONEYWELL INTERNATIONAL INC.","HONEYWELL","139691877","HONEYWELL INTERNATIONAL INC.","2600 RIDGWAY PKWY","MINNEAPOLIS","MN","Minnesota","554131719","05","For-Profit Organization,Manufacturer of Goods","MINNEAPOLIS","MN","Minnesota","554131719","05","IMUs IRUs.",NA,NA,NA,NA,NA,NA,NA,NA,NA,NA,2020-11-17 10:56:12
NA,NA,"97AE","DEFENSE ADVANCED RESEARCH PROJECTS AGENCY  (DARPA)","HR0011","DEF ADVANCED RESEARCH PROJECTS AGCY","97AE","DEFENSE ADVANCED RESEARCH PROJECTS AGENCY  (DARPA)","HR0011","DEF ADVANCED RESEARCH PROJECTS AGCY","RAYTHEON COMPANY","001344142","RAYTHEON TECHNOLOGIES CORPORATION","For-Profit Organization,Manufacturer of Goods","15090 Tucson, AZ",857569367,"03","HYPERSONIC AIR BREAT","3969f7c16051e43a4663fc4a20da4d12",2021,10,"4201535650",62645,2017-10-24,2018,"039115845","HONEYWELL INTERNATIONAL INC.","HONEYWELL","139691877","HONEYWELL INTERNATIONAL INC.","2600 RIDGWAY PKWY","MINNEAPOLIS","MN","Minnesota","554131719","05","For-Profit Organization,Manufacturer of Goods","MINNEAPOLIS","MN","Minnesota","554131719","05","IMUs IRUs.",NA,NA,NA,NA,NA,NA,NA,NA,NA,NA,2021-11-16 13:35:00
NA,NA,"97AE","DEFENSE ADVANCED RESEARCH PROJECTS AGENCY  (DARPA)","HR0011","DEF ADVANCED RESEARCH PROJECTS AGCY","5700","DEPT OF THE AIR FORCE","F1TBPV","AFRL RWP","RAYTHEON COMPANY","001339159","RAYTHEON COMPANY",NA,"Tucson",857566100,"02","AMS: ADV PROGRAMS","0aa44d99040d2bd25dfbb456d82a4dd5",2018,4,"4201464966",61933,2017-02-24,2017,"062090931","TRI MODELS, INC.",NA,NA,NA,"5191 OCEANUS DR","HUNTINGTON BEACH","CA","California","926491026","46","For-Profit Organization,Manufacturer of Goods","HUNTINGTON BEACH","CA","California","926491026","46","Firm Fixed Price",NA,NA,NA,NA,NA,NA,NA,NA,NA,NA,2018-05-29 19:33:11
NA,NA,"9763","DEFENSE CONTRACT MANAGEMENT AGENCY (DCMA)","S0305A","DCMA RAYTHEON TUCSON","97AE","DEFENSE ADVANCED RESEARCH PROJECTS AGENCY  (DARPA)","HR0011","DEF ADVANCED RESEARCH PROJECTS AGCY","RAYTHEON COMPANY","001339159","RAYTHEON COMPANY",NA,"Tucson",857569367,"03","AMS: ADV PROGRAMS","3f42e973b4518e391d9b610029bbbd7b",2019,5,"4201967793",60942,2019-04-30,2019,"026249487","ALLCOMP INC.",NA,NA,NA,"209 PUENTE AVE","CITY OF INDUSTRY","CA","California","917462304","38","Asian-Pacific American Owned,For-Profit Organization,Manufacturer of Goods,Minority-Owned business,Self-Certified Small Disadvantaged Business","CITY OF INDUSTRY","CA","California","917462304","38","Firm Fixed Price",NA,NA,NA,NA,NA,NA,NA,NA,NA,NA,2019-06-06 16:36:56
NA,NA,"97AE","DEFENSE ADVANCED RESEARCH PROJECTS AGENCY  (DARPA)","HR0011","DEF ADVANCED RESEARCH PROJECTS AGCY","5700","DEPT OF THE AIR FORCE","F1TBPV","AFRL RWP","RAYTHEON COMPANY","001339159","RAYTHEON COMPANY",NA,"Tucson",857566100,"02","AMS: ADV PROGRAMS","813c30bc44e1bea1e5e1ea73cf917ade",2018,6,"4201748669",60076,2018-06-07,2018,"832416932","DYNETICS TECHNICAL SOLUTIONS, INC.",NA,"075458455","DYNETICS, INC.","1051 ENTERPRISE WAY","HUNTSVILLE","AL","Alabama","358062730","05","For-Profit Organization","HUNTSVILLE","AL","Alabama","358062730","05","Firm Fixed Price",NA,NA,NA,NA,NA,NA,NA,NA,NA,NA,2018-07-09 19:26:13
NA,NA,"97AE","DEFENSE ADVANCED RESEARCH PROJECTS AGENCY  (DARPA)","HR0011","DEF ADVANCED RESEARCH PROJECTS AGCY","5700","DEPT OF THE AIR FORCE","F1TBPV","AFRL RWP","RAYTHEON COMPANY","001339159","RAYTHEON COMPANY",NA,"Tucson",857566100,"02","AMS: ADV PROGRAMS","09b96a0c1fbd9bd31c6a6769d605ed7f",2018,8,"4201802261",59704,2018-08-30,2018,"963709212","AZMARK AERO SYSTEMS, LLC",NA,"080080185","Imaginetics Holdings LLC","944 W GUADALUPE","GILBERT","AZ","Arizona","852332414","06","For-Profit Organization,Limited Liability Company","GILBERT","AZ","Arizona","852332416","06","Firm Fixed Price",NA,NA,NA,NA,NA,NA,NA,NA,NA,NA,2018-09-27 16:43:27
NA,NA,"97AE","DEFENSE ADVANCED RESEARCH PROJECTS AGENCY  (DARPA)","HR0011","DEF ADVANCED RESEARCH PROJECTS AGCY","97AE","DEFENSE ADVANCED RESEARCH PROJECTS AGENCY  (DARPA)","HR0011","DEF ADVANCED RESEARCH PROJECTS AGCY","RAYTHEON COMPANY","001344142","RAYTHEON TECHNOLOGIES CORPORATION",NA,"15090 Tucson, AZ",857569367,"03","HYPERSONIC AIR BREAT","9cc566b9e1dd74484ffd626aba55c80e",2020,10,"4201963159",58266,2019-04-23,2019,"149433844","TEVET, LLC",NA,"149433844","TEVET, LLC","85 SPRING ST S","MOSHEIM","TN","Tennessee","378186127","01","For-Profit Organization,Limited Liability Company,SBA Certified Hub Zone Firm,Service Disabled Veteran Owned,Veteran Owned Business","MOSHEIM","TN","Tennessee","378186127","01","Test Equipment.",NA,NA,NA,NA,NA,NA,NA,NA,NA,NA,2020-11-17 10:56:12
NA,NA,"97AE","DEFENSE ADVANCED RESEARCH PROJECTS AGENCY  (DARPA)","HR0011","DEF ADVANCED RESEARCH PROJECTS AGCY","97AE","DEFENSE ADVANCED RESEARCH PROJECTS AGENCY  (DARPA)","HR0011","DEF ADVANCED RESEARCH PROJECTS AGCY","RAYTHEON COMPANY","001344142","RAYTHEON TECHNOLOGIES CORPORATION","For-Profit Organization,Manufacturer of Goods","15090 Tucson, AZ",857569367,"03","HYPERSONIC AIR BREAT","3969f7c16051e43a4663fc4a20da4d12",2021,10,"4201963159",58266,2019-04-23,2019,"149433844","TEVET, LLC",NA,"149433844","TEVET, LLC","310 T ELMER COX DR","GREENEVILLE","TN","Tennessee","377436932","01","For-Profit Organization,Limited Liability Company,SBA Certified Hub Zone Firm,Service Disabled Veteran Owned,Veteran Owned Business","GREENEVILLE","TN","Tennessee","377436957","01","Test Equipment.",NA,NA,NA,NA,NA,NA,NA,NA,NA,NA,2021-11-16 13:35:00
NA,NA,"97AE","DEFENSE ADVANCED RESEARCH PROJECTS AGENCY  (DARPA)","HR0011","DEF ADVANCED RESEARCH PROJECTS AGCY","5700","DEPT OF THE AIR FORCE","F1TBPV","AFRL RWP","RAYTHEON COMPANY","001339159","RAYTHEON COMPANY",NA,"Tucson",857566100,"02","AMS: ADV PROGRAMS","09b96a0c1fbd9bd31c6a6769d605ed7f",2018,8,"4201784265",58060,2018-08-02,2018,"045102274","DUCOMMUN LABARGE TECHNOLOGIES, INC.",NA,"006907042","Ducommun Incorporated","1505 S MAIDEN LN","JOPLIN","MO","Missouri","648013819","07","For-Profit Organization,Manufacturer of Goods","JOPLIN","MO","Missouri","648013819","07","Firm Fixed Price",NA,NA,NA,NA,NA,NA,NA,NA,NA,NA,2018-09-27 16:43:27
NA,NA,"97AE","DEFENSE ADVANCED RESEARCH PROJECTS AGENCY  (DARPA)","HR0011","DEF ADVANCED RESEARCH PROJECTS AGCY","5700","DEPT OF THE AIR FORCE","F1TBPV","AFRL RWP","RAYTHEON COMPANY","001339159","RAYTHEON COMPANY",NA,"Tucson",857566100,"02","AMS: ADV PROGRAMS","459d9460224b00f59a0d5c8b430fda5d",2018,7,"4201777012",58060,2018-07-23,2018,"042643973","DUCOMMUN LABARGE TECHNOLOGIES, INC.",NA,"006907042","Ducommun Incorporated","1601 E BROADWAY RD","PHOENIX","AZ","Arizona","850402405","04","For-Profit Organization,Manufacturer of Goods","PHOENIX","AZ","Arizona","850402405","04","Firm Fixed Price",NA,NA,NA,NA,NA,NA,NA,NA,NA,NA,2018-08-29 14:49:02
NA,NA,"97AE","DEFENSE ADVANCED RESEARCH PROJECTS AGENCY  (DARPA)","HR0011","DEF ADVANCED RESEARCH PROJECTS AGCY","97AE","DEFENSE ADVANCED RESEARCH PROJECTS AGENCY  (DARPA)","HR0011","DEF ADVANCED RESEARCH PROJECTS AGCY","RAYTHEON COMPANY","001339159","RAYTHEON COMPANY",NA,"Tucson",857566100,"02","AMS: ADV PROGRAMS","3f50a58eb2c670f527a3d35288424bac",2017,11,"4201630570",57400,2017-11-28,2018,"060605883","ROCKWELL COLLINS, INC.","GOVERNMENT SYSTEMS","962960589","ROCKWELL COLLINS, INC.","400 COLLINS RD NE","CEDAR RAPIDS","IA","Iowa","524980505","02","For-Profit Organization,Manufacturer of Goods","CEDAR RAPIDS","IA","Iowa","524980505","02","Firm Fixed Price",NA,NA,NA,NA,NA,NA,NA,NA,NA,NA,2017-12-21 17:06:06
NA,NA,"97AE","DEFENSE ADVANCED RESEARCH PROJECTS AGENCY  (DARPA)","HR0011","DEF ADVANCED RESEARCH PROJECTS AGCY","97AE","DEFENSE ADVANCED RESEARCH PROJECTS AGENCY  (DARPA)","HR0011","DEF ADVANCED RESEARCH PROJECTS AGCY","RAYTHEON COMPANY","001344142","RAYTHEON TECHNOLOGIES CORPORATION","For-Profit Organization,Manufacturer of Goods","15090 Tucson, AZ",857569367,"03","HYPERSONIC AIR BREAT","3969f7c16051e43a4663fc4a20da4d12",2021,10,"4201589014",56889,2017-10-05,2018,"020544636","PRAXIS RESOURCES INC.",NA,NA,NA,"2085 S BLUE JAY DR STE 101","GILBERT","AZ","Arizona","852955895","05","For-Profit Organization","GILBERT","AZ","Arizona","852955895","05","Test Equipment.",NA,NA,NA,NA,NA,NA,NA,NA,NA,NA,2021-11-16 13:35:00
NA,NA,"97AE","DEFENSE ADVANCED RESEARCH PROJECTS AGENCY  (DARPA)","HR0011","DEF ADVANCED RESEARCH PROJECTS AGCY","97AE","DEFENSE ADVANCED RESEARCH PROJECTS AGENCY  (DARPA)","HR0011","DEF ADVANCED RESEARCH PROJECTS AGCY","RAYTHEON COMPANY","001339159","RAYTHEON COMPANY",NA,"Tucson",857566100,"02","AMS: ADV PROGRAMS","327090cd6c3a7817b9e7f37905c74f30",2017,9,"4201589014",56889,2017-09-22,2017,"020544636","PRAXIS RESOURCES INC.",NA,NA,NA,"2085 S BLUE JAY DR STE 101","GILBERT","AZ","Arizona","852955895","06","For-Profit Organization","GILBERT","AZ","Arizona","852955895","06","Firm Fixed Price",NA,NA,NA,NA,NA,NA,NA,NA,NA,NA,2017-10-31 20:29:03
NA,NA,"97AE","DEFENSE ADVANCED RESEARCH PROJECTS AGENCY  (DARPA)","HR0011","DEF ADVANCED RESEARCH PROJECTS AGCY","97AE","DEFENSE ADVANCED RESEARCH PROJECTS AGENCY  (DARPA)","HR0011","DEF ADVANCED RESEARCH PROJECTS AGCY","RAYTHEON COMPANY","001344142","RAYTHEON TECHNOLOGIES CORPORATION",NA,"15090 Tucson, AZ",857569367,"03","HYPERSONIC AIR BREAT","9cc566b9e1dd74484ffd626aba55c80e",2020,10,"4201589014",56889,2017-10-05,2018,"020544636","PRAXIS RESOURCES INC.",NA,NA,NA,"2085 S BLUE JAY DR STE 101","GILBERT","AZ","Arizona","852955895","06","For-Profit Organization","GILBERT","AZ","Arizona","852955895","06","Test Equipment.",NA,NA,NA,NA,NA,NA,NA,NA,NA,NA,2020-11-17 10:56:12
NA,NA,"97AE","DEFENSE ADVANCED RESEARCH PROJECTS AGENCY  (DARPA)","HR0011","DEF ADVANCED RESEARCH PROJECTS AGCY","97AE","DEFENSE ADVANCED RESEARCH PROJECTS AGENCY  (DARPA)","HR0011","DEF ADVANCED RESEARCH PROJECTS AGCY","RAYTHEON COMPANY","001339159","RAYTHEON COMPANY",NA,"Tucson",857566100,"02","AMS: ADV PROGRAMS","03b2184d5343366bc2fc8a6d433924b3",2018,10,"4201807449",56006,2018-09-10,2018,"831282715","INOVAR, INC.",NA,NA,NA,"750 EAST 1600 N","NORTH LOGAN","UT","Utah","84341","01","For-Profit Organization,S Corporation","LOGAN","UT","Utah","843211713","01","Firm Fixed Price",NA,NA,NA,NA,NA,NA,NA,NA,NA,NA,2018-11-28 15:00:52
NA,NA,"97AE","DEFENSE ADVANCED RESEARCH PROJECTS AGENCY  (DARPA)","HR0011","DEF ADVANCED RESEARCH PROJECTS AGCY","97AE","DEFENSE ADVANCED RESEARCH PROJECTS AGENCY  (DARPA)","HR0011","DEF ADVANCED RESEARCH PROJECTS AGCY","RAYTHEON COMPANY","001344142","RAYTHEON TECHNOLOGIES CORPORATION",NA,"15090 Tucson, AZ",857569367,"03","HYPERSONIC AIR BREAT","9cc566b9e1dd74484ffd626aba55c80e",2020,10,"4201748669",55915,2018-06-18,2018,"832416932","DYNETICS TECHNICAL SOLUTIONS, INC.",NA,"611641312","LEIDOS HOLDINGS, INC.","1051 ENTERPRISE WAY","HUNTSVILLE","AL","Alabama","358062730","05","For-Profit Organization,Manufacturer of Goods","HUNTSVILLE","AL","Alabama","358062730","05","NRE - Engineering.",NA,NA,NA,NA,NA,NA,NA,NA,NA,NA,2020-11-17 10:56:12
NA,NA,"97AE","DEFENSE ADVANCED RESEARCH PROJECTS AGENCY  (DARPA)","HR0011","DEF ADVANCED RESEARCH PROJECTS AGCY","97AE","DEFENSE ADVANCED RESEARCH PROJECTS AGENCY  (DARPA)","HR0011","DEF ADVANCED RESEARCH PROJECTS AGCY","RAYTHEON COMPANY","001344142","RAYTHEON TECHNOLOGIES CORPORATION","For-Profit Organization,Manufacturer of Goods","15090 Tucson, AZ",857569367,"03","HYPERSONIC AIR BREAT","3969f7c16051e43a4663fc4a20da4d12",2021,10,"4201748669",55915,2018-06-18,2018,"832416932","DYNETICS TECHNICAL SOLUTIONS, INC.",NA,"611641312","LEIDOS HOLDINGS, INC.","1051 ENTERPRISE WAY","HUNTSVILLE","AL","Alabama","358062730","05","For-Profit Organization,Manufacturer of Goods","HUNTSVILLE","AL","Alabama","358062730","05","NRE - Engineering.",NA,NA,NA,NA,NA,NA,NA,NA,NA,NA,2021-11-16 13:35:00
NA,NA,"97AE","DEFENSE ADVANCED RESEARCH PROJECTS AGENCY  (DARPA)","HR0011","DEF ADVANCED RESEARCH PROJECTS AGCY","97AE","DEFENSE ADVANCED RESEARCH PROJECTS AGENCY  (DARPA)","HR0011","DEF ADVANCED RESEARCH PROJECTS AGCY","RAYTHEON COMPANY","001344142","RAYTHEON TECHNOLOGIES CORPORATION","For-Profit Organization,Manufacturer of Goods","15090 Tucson, AZ",857569367,"03","HYPERSONIC AIR BREAT","3969f7c16051e43a4663fc4a20da4d12",2021,10,"4201802261",54029,2018-10-01,2019,"963709212","AZMARK AERO SYSTEMS, LLC",NA,"080080185","Imaginetics Holdings LLC","944 W GUADALUPE","GILBERT","AZ","Arizona","852332414","05","For-Profit Organization,Limited Liability Company","GILBERT","AZ","Arizona","852332414","05","Non-complex ShtMetal.",NA,NA,NA,NA,NA,NA,NA,NA,NA,NA,2021-11-16 13:35:00
NA,NA,"97AE","DEFENSE ADVANCED RESEARCH PROJECTS AGENCY  (DARPA)","HR0011","DEF ADVANCED RESEARCH PROJECTS AGCY","97AE","DEFENSE ADVANCED RESEARCH PROJECTS AGENCY  (DARPA)","HR0011","DEF ADVANCED RESEARCH PROJECTS AGCY","RAYTHEON COMPANY","001344142","RAYTHEON TECHNOLOGIES CORPORATION",NA,"15090 Tucson, AZ",857569367,"03","HYPERSONIC AIR BREAT","9cc566b9e1dd74484ffd626aba55c80e",2020,10,"4201802261",54029,2018-10-01,2019,"963709212","AZMARK AERO SYSTEMS, LLC",NA,"080080185","Imaginetics Holdings LLC","944 W GUADALUPE","GILBERT","AZ","Arizona","852332414","06","For-Profit Organization,Limited Liability Company","GILBERT","AZ","Arizona","852332414","06","Non-complex ShtMetal.",NA,NA,NA,NA,NA,NA,NA,NA,NA,NA,2020-11-17 10:56:12
NA,NA,"97AE","DEFENSE ADVANCED RESEARCH PROJECTS AGENCY  (DARPA)","HR0011","DEF ADVANCED RESEARCH PROJECTS AGCY","97AE","DEFENSE ADVANCED RESEARCH PROJECTS AGENCY  (DARPA)","HR0011","DEF ADVANCED RESEARCH PROJECTS AGCY","RAYTHEON COMPANY","001344142","RAYTHEON TECHNOLOGIES CORPORATION","For-Profit Organization,Manufacturer of Goods","15090 Tucson, AZ",857569367,"03","HYPERSONIC AIR BREAT","3969f7c16051e43a4663fc4a20da4d12",2021,10,"4201674070",53614,2018-02-17,2018,"008385312","GLENAIR, INC.",NA,"008385312","GLENAIR, INC.","1211 AIR WAY","GLENDALE","CA","California","912012405","28","For-Profit Organization,Manufacturer of Goods","GLENDALE","CA","California","912012405","28","Test Equipment.",NA,NA,NA,NA,NA,NA,NA,NA,NA,NA,2021-11-16 13:35:00
NA,NA,"97AE","DEFENSE ADVANCED RESEARCH PROJECTS AGENCY  (DARPA)","HR0011","DEF ADVANCED RESEARCH PROJECTS AGCY","97AE","DEFENSE ADVANCED RESEARCH PROJECTS AGENCY  (DARPA)","HR0011","DEF ADVANCED RESEARCH PROJECTS AGCY","RAYTHEON COMPANY","001344142","RAYTHEON TECHNOLOGIES CORPORATION",NA,"15090 Tucson, AZ",857569367,"03","HYPERSONIC AIR BREAT","9cc566b9e1dd74484ffd626aba55c80e",2020,10,"4201674070",53614,2018-02-17,2018,"008385312","GLENAIR, INC.",NA,"008385312","GLENAIR, INC.","1211 AIR WAY","GLENDALE","CA","California","912012405","29","For-Profit Organization,Manufacturer of Goods","GLENDALE","CA","California","912012497","29","Test Equipment.",NA,NA,NA,NA,NA,NA,NA,NA,NA,NA,2020-11-17 10:56:12
NA,NA,"97AE","DEFENSE ADVANCED RESEARCH PROJECTS AGENCY  (DARPA)","HR0011","DEF ADVANCED RESEARCH PROJECTS AGCY","5700","DEPT OF THE AIR FORCE","F1TBPV","AFRL RWP","RAYTHEON COMPANY","001339159","RAYTHEON COMPANY",NA,"Tucson",857566100,"02","AMS: ADV PROGRAMS","0aa44d99040d2bd25dfbb456d82a4dd5",2018,4,"4201674070",53614,2018-02-17,2018,"008385312","GLENAIR, INC.",NA,"008385312","GLENAIR, INC.","1211 AIR WAY","GLENDALE","CA","California","912012405","29","For-Profit Organization,Manufacturer of Goods","GLENDALE","CA","California","912012405","29","Firm Fixed Price",NA,NA,NA,NA,NA,NA,NA,NA,NA,NA,2018-05-29 19:33:11
NA,NA,"97AE","DEFENSE ADVANCED RESEARCH PROJECTS AGENCY  (DARPA)","HR0011","DEF ADVANCED RESEARCH PROJECTS AGCY","97AE","DEFENSE ADVANCED RESEARCH PROJECTS AGENCY  (DARPA)","HR0011","DEF ADVANCED RESEARCH PROJECTS AGCY","RAYTHEON COMPANY","001344142","RAYTHEON TECHNOLOGIES CORPORATION",NA,"15090 Tucson, AZ",857569367,"03","HYPERSONIC AIR BREAT","9cc566b9e1dd74484ffd626aba55c80e",2020,10,"4201594847",50905,2017-10-04,2018,"044239754","STANLEY MACHINING & TOOL CORP.",NA,"044239754","STANLEY MACHINING & TOOL CORP.","425 MAPLE AVE","CARPENTERSVILLE","IL","Illinois","601101939","14","For-Profit Organization,Manufacturer of Goods,Woman-Owned Business","CARPENTERSVILLE","IL","Illinois","601101939","14","Gen Structural Assys.",NA,NA,NA,NA,NA,NA,NA,NA,NA,NA,2020-11-17 10:56:12
NA,NA,"97AE","DEFENSE ADVANCED RESEARCH PROJECTS AGENCY  (DARPA)","HR0011","DEF ADVANCED RESEARCH PROJECTS AGCY","97AE","DEFENSE ADVANCED RESEARCH PROJECTS AGENCY  (DARPA)","HR0011","DEF ADVANCED RESEARCH PROJECTS AGCY","RAYTHEON COMPANY","001344142","RAYTHEON TECHNOLOGIES CORPORATION","For-Profit Organization,Manufacturer of Goods","15090 Tucson, AZ",857569367,"03","HYPERSONIC AIR BREAT","3969f7c16051e43a4663fc4a20da4d12",2021,10,"4201594847",50905,2017-10-04,2018,"044239754","STANLEY MACHINING & TOOL CORP.",NA,"044239754","STANLEY MACHINING & TOOL CORP.","425 MAPLE AVE","CARPENTERSVILLE","IL","Illinois","601101939","08","For-Profit Organization,Manufacturer of Goods,Woman-Owned Business","CARPENTERSVILLE","IL","Illinois","601101939","08","Gen Structural Assys.",NA,NA,NA,NA,NA,NA,NA,NA,NA,NA,2021-11-16 13:35:00
NA,NA,"97AE","DEFENSE ADVANCED RESEARCH PROJECTS AGENCY  (DARPA)","HR0011","DEF ADVANCED RESEARCH PROJECTS AGCY","97AE","DEFENSE ADVANCED RESEARCH PROJECTS AGENCY  (DARPA)","HR0011","DEF ADVANCED RESEARCH PROJECTS AGCY","RAYTHEON COMPANY","001344142","RAYTHEON TECHNOLOGIES CORPORATION",NA,"15090 Tucson, AZ",857569367,"03","HYPERSONIC AIR BREAT","9cc566b9e1dd74484ffd626aba55c80e",2020,10,"4202134582",50371,2020-01-29,2020,"045102274","DUCOMMUN LABARGE TECHNOLOGIES, INC.",NA,"006907042","Ducommun Incorporated","1505 S MAIDEN LN","JOPLIN","MO","Missouri","648013819","07","For-Profit Organization,Manufacturer of Goods","JOPLIN","MO","Missouri","648013819","07","NRE - Other, Protect&Dust Covers, Rectanglar Connector, S&A Devices.",NA,NA,NA,NA,NA,NA,NA,NA,NA,NA,2020-11-17 10:56:12
NA,NA,"97AE","DEFENSE ADVANCED RESEARCH PROJECTS AGENCY  (DARPA)","HR0011","DEF ADVANCED RESEARCH PROJECTS AGCY","97AE","DEFENSE ADVANCED RESEARCH PROJECTS AGENCY  (DARPA)","HR0011","DEF ADVANCED RESEARCH PROJECTS AGCY","RAYTHEON COMPANY","001344142","RAYTHEON TECHNOLOGIES CORPORATION","For-Profit Organization,Manufacturer of Goods","15090 Tucson, AZ",857569367,"03","HYPERSONIC AIR BREAT","3969f7c16051e43a4663fc4a20da4d12",2021,10,"4202134582",50371,2020-01-29,2020,"045102274","DUCOMMUN LABARGE TECHNOLOGIES, INC.",NA,"006907042","Ducommun Incorporated","1505 S MAIDEN LN","JOPLIN","MO","Missouri","648013819","07","For-Profit Organization,Manufacturer of Goods","JOPLIN","MO","Missouri","648013819","07","NRE - Other, Protect&Dust Covers, Rectanglar Connector, S&A Devices.",NA,NA,NA,NA,NA,NA,NA,NA,NA,NA,2021-11-16 13:35:00
NA,NA,"97AE","DEFENSE ADVANCED RESEARCH PROJECTS AGENCY  (DARPA)","HR0011","DEF ADVANCED RESEARCH PROJECTS AGCY","97AE","DEFENSE ADVANCED RESEARCH PROJECTS AGENCY  (DARPA)","HR0011","DEF ADVANCED RESEARCH PROJECTS AGCY","RAYTHEON COMPANY","001339159","RAYTHEON COMPANY",NA,"Tucson",857566100,"02","AMS: ADV PROGRAMS","86b933b8e050b32580d08734acd6e4d8",2019,4,"4201951672",50055,2019-04-08,2019,"042568774","PCB PIEZOTRONICS, INC.","IMI SENSORS","006452312","MTS SYSTEMS CORPORATION","3425 WALDEN AVE","DEPEW","NY","New York","140432417","26","For-Profit Organization,Manufacturer of Goods","DEPEW","NY","New York","140432417","26","Firm Fixed Price",NA,NA,NA,NA,NA,NA,NA,NA,NA,NA,2019-05-08 15:37:59
NA,NA,"97AE","DEFENSE ADVANCED RESEARCH PROJECTS AGENCY  (DARPA)","HR0011","DEF ADVANCED RESEARCH PROJECTS AGCY","97AE","DEFENSE ADVANCED RESEARCH PROJECTS AGENCY  (DARPA)","HR0011","DEF ADVANCED RESEARCH PROJECTS AGCY","RAYTHEON COMPANY","001344142","RAYTHEON TECHNOLOGIES CORPORATION",NA,"15090 Tucson, AZ",857569367,"03","HYPERSONIC AIR BREAT","9cc566b9e1dd74484ffd626aba55c80e",2020,10,"4201480538",50000,2017-03-23,2017,"175344068","COBHAM MISSION SYSTEMS ORCHARD PARK INC.",NA,"225225755","AI CONVOY HOLDCO LIMITED","10 CENTRE DR","ORCHARD PARK","NY","New York","141272280","27","For-Profit Organization,Foreign Owned and Located,Manufacturer of Goods","ORCHARD PARK","NY","New York","141274121","27","Tech/Eng Services.","80% of Cobham's annual revenue for the fiscal year  x",1,"Cobham Annual Report and Accounts 2009 in accordance with UK  x",1,"consolidated basis.  As a consolidated  x",1,"from US Federal Contracts.  Compensation of executives is  x",1,"We believe the intent of these reporting requirements are to  x",1,2020-11-17 10:56:12
NA,NA,"97AE","DEFENSE ADVANCED RESEARCH PROJECTS AGENCY  (DARPA)","HR0011","DEF ADVANCED RESEARCH PROJECTS AGCY","5700","DEPT OF THE AIR FORCE","F4FRQH","AFRL RQH         HIGH SPEED SYS DIV","RAYTHEON COMPANY","001339159","RAYTHEON COMPANY",NA,"Tucson",857566100,"02","AMS: ADV PROGRAMS","13ffd69aa30a9e255129fa1ff785ecd6",2017,3,"4201480538",50000,2017-03-23,2017,"175344068","CARLETON TECHNOLOGIES INC",NA,"217006709",NA,"10 COBHAM DR","ORCHARD PARK","NY","New York","141274121","27","For-Profit Organization,Foreign Owned and Located,Manufacturer of Goods","ORCHARD PARK","NY","New York","141274121","27","Time & Material","80% of Cobham's annual revenue for the fiscal year  x",1,"Cobham Annual Report and Accounts 2009 in accordance with UK  x",1,"consolidated basis.  As a consolidated  x",1,"from US Federal Contracts.  Compensation of executives is  x",1,"We believe the intent of these reporting requirements are to  x",1,2017-04-27 14:28:08
NA,NA,"97AE","DEFENSE ADVANCED RESEARCH PROJECTS AGENCY  (DARPA)","HR0011","DEF ADVANCED RESEARCH PROJECTS AGCY","97AE","DEFENSE ADVANCED RESEARCH PROJECTS AGENCY  (DARPA)","HR0011","DEF ADVANCED RESEARCH PROJECTS AGCY","RAYTHEON COMPANY","001344142","RAYTHEON TECHNOLOGIES CORPORATION","For-Profit Organization,Manufacturer of Goods","15090 Tucson, AZ",857569367,"03","HYPERSONIC AIR BREAT","3969f7c16051e43a4663fc4a20da4d12",2021,10,"4201480538",50000,2017-03-23,2017,"175344068","COBHAM MISSION SYSTEMS ORCHARD PARK INC.",NA,"371977171","AI Convoy & Cy S.C.A.","10 COBHAM DR","ORCHARD PARK","NY","New York","141274121","27","For-Profit Organization,Foreign Owned and Located,Manufacturer of Goods","ORCHARD PARK","NY","New York","141274121","27","Tech/Eng Services.",NA,NA,NA,NA,NA,NA,NA,NA,NA,NA,2021-11-16 13:35:00
NA,NA,"97AE","DEFENSE ADVANCED RESEARCH PROJECTS AGENCY  (DARPA)","HR0011","DEF ADVANCED RESEARCH PROJECTS AGCY","97AE","DEFENSE ADVANCED RESEARCH PROJECTS AGENCY  (DARPA)","HR0011","DEF ADVANCED RESEARCH PROJECTS AGCY","RAYTHEON COMPANY","001344142","RAYTHEON TECHNOLOGIES CORPORATION","For-Profit Organization,Manufacturer of Goods","15090 Tucson, AZ",857569367,"03","HYPERSONIC AIR BREAT","3969f7c16051e43a4663fc4a20da4d12",2021,10,"4201630187",49384,2017-11-29,2018,"084692466","AMRO FABRICATING CORPORATION",NA,"084692466","AMRO FABRICATING CORPORATION","1430 AMRO WAY","SOUTH EL MONTE","CA","California","917333046","38","For-Profit Organization,Manufacturer of Goods","SOUTH EL MONTE","CA","California","917333003","32","NRE - Other.","John E Hammond",350000,"Michael E Riley",350000,"N/A  N/A",NA,"N/A  N/A",NA,"N/A  N/A",NA,2021-11-16 13:35:00
NA,NA,"97AE","DEFENSE ADVANCED RESEARCH PROJECTS AGENCY  (DARPA)","HR0011","DEF ADVANCED RESEARCH PROJECTS AGCY","97AE","DEFENSE ADVANCED RESEARCH PROJECTS AGENCY  (DARPA)","HR0011","DEF ADVANCED RESEARCH PROJECTS AGCY","RAYTHEON COMPANY","001344142","RAYTHEON TECHNOLOGIES CORPORATION",NA,"15090 Tucson, AZ",857569367,"03","HYPERSONIC AIR BREAT","9cc566b9e1dd74484ffd626aba55c80e",2020,10,"4201630187",49384,2017-11-29,2018,"084692466","AMRO FABRICATING CORPORATION",NA,"084692466","AMRO FABRICATING CORPORATION","1430 AMRO WAY","SOUTH EL MONTE","CA","California","917333046","38","For-Profit Organization,Manufacturer of Goods,SBA Certified Hub Zone Firm","SOUTH EL MONTE","CA","California","917333003","32","NRE - Other.",NA,NA,NA,NA,NA,NA,NA,NA,NA,NA,2020-11-17 10:56:12
NA,NA,"97AE","DEFENSE ADVANCED RESEARCH PROJECTS AGENCY  (DARPA)","HR0011","DEF ADVANCED RESEARCH PROJECTS AGCY","5700","DEPT OF THE AIR FORCE","F1TBPV","AFRL RWP","RAYTHEON COMPANY","001339159","RAYTHEON COMPANY",NA,"Tucson",857566100,"02","AMS: ADV PROGRAMS","09b96a0c1fbd9bd31c6a6769d605ed7f",2018,8,"4201630187",49384,2017-11-27,2018,"084692466","AMRO FABRICATING CORPORATION",NA,"084692466","AMRO FABRICATING CORPORATION","1430 ADELIA AVE","SOUTH EL MONTE","CA","California","917333003","32","For-Profit Organization,Manufacturer of Goods,SBA Certified Hub Zone Firm","SOUTH EL MONTE","CA","California","917333003","32","Firm Fixed Price",NA,NA,NA,NA,NA,NA,NA,NA,NA,NA,2018-09-27 16:43:27
"N: Emergency P.L. 116-136;Q: Excluded from tracking (uses non-emergency/non-disaster designated appropriations)",1105080.5,"97AE","DEFENSE ADVANCED RESEARCH PROJECTS AGENCY  (DARPA)","HR0011","DEF ADVANCED RESEARCH PROJECTS AGCY","97AE","DEFENSE ADVANCED RESEARCH PROJECTS AGENCY  (DARPA)","HR0011","DEF ADVANCED RESEARCH PROJECTS AGCY","RAYTHEON COMPANY","001344142","RAYTHEON TECHNOLOGIES CORPORATION","For-Profit Organization,Manufacturer of Goods","15090 Tucson, AZ",857569367,"03","HYPERSONIC AIR BREAT","3969f7c16051e43a4663fc4a20da4d12",2021,10,"4202358297",49145,2021-01-20,2021,"045102274","DUCOMMUN LABARGE TECHNOLOGIES, INC.",NA,"006907042","Ducommun Incorporated","1505 S MAIDEN LN","JOPLIN","MO","Missouri","648013819","07","For-Profit Organization,Manufacturer of Goods","JOPLIN","MO","Missouri","648013819","07","CableAssy&HarnMulti, NRE - Other.",NA,NA,NA,NA,NA,NA,NA,NA,NA,NA,2021-11-16 13:35:00
NA,NA,"97AE","DEFENSE ADVANCED RESEARCH PROJECTS AGENCY  (DARPA)","HR0011","DEF ADVANCED RESEARCH PROJECTS AGCY","97AE","DEFENSE ADVANCED RESEARCH PROJECTS AGENCY  (DARPA)","HR0011","DEF ADVANCED RESEARCH PROJECTS AGCY","RAYTHEON COMPANY","001344142","RAYTHEON TECHNOLOGIES CORPORATION","For-Profit Organization,Manufacturer of Goods","15090 Tucson, AZ",857569367,"03","HYPERSONIC AIR BREAT","3969f7c16051e43a4663fc4a20da4d12",2021,10,"4201967793",47883,2019-04-30,2019,"026249487","ALLCOMP INC.",NA,NA,NA,"209 PUENTE AVE","CITY OF INDUSTRY","CA","California","917462304","32","For-Profit Organization,Manufacturer of Goods,Self-Certified Small Disadvantaged Business","CITY OF INDUSTRY","CA","California","917462304","32","Fasteners & Hardware.",NA,NA,NA,NA,NA,NA,NA,NA,NA,NA,2021-11-16 13:35:00
NA,NA,"97AE","DEFENSE ADVANCED RESEARCH PROJECTS AGENCY  (DARPA)","HR0011","DEF ADVANCED RESEARCH PROJECTS AGCY","97AE","DEFENSE ADVANCED RESEARCH PROJECTS AGENCY  (DARPA)","HR0011","DEF ADVANCED RESEARCH PROJECTS AGCY","RAYTHEON COMPANY","001344142","RAYTHEON TECHNOLOGIES CORPORATION",NA,"15090 Tucson, AZ",857569367,"03","HYPERSONIC AIR BREAT","9cc566b9e1dd74484ffd626aba55c80e",2020,10,"4201967793",47883,2019-04-30,2019,"026249487","ALLCOMP INC.",NA,NA,NA,"209 PUENTE AVE","CITY OF INDUSTRY","CA","California","917462304","38","Asian-Pacific American Owned,For-Profit Organization,Manufacturer of Goods,Minority-Owned business,Self-Certified Small Disadvantaged Business","CITY OF INDUSTRY","CA","California","917462304","38","Fasteners & Hardware.",NA,NA,NA,NA,NA,NA,NA,NA,NA,NA,2020-11-17 10:56:12
NA,NA,"97AE","DEFENSE ADVANCED RESEARCH PROJECTS AGENCY  (DARPA)","HR0011","DEF ADVANCED RESEARCH PROJECTS AGCY","5700","DEPT OF THE AIR FORCE","F1TBPV","AFRL RWP","RAYTHEON COMPANY","001339159","RAYTHEON COMPANY",NA,"Tucson",857566100,"02","AMS: ADV PROGRAMS","09b96a0c1fbd9bd31c6a6769d605ed7f",2018,8,"4201783801",47300,2018-08-01,2018,"006069710","BADGER METER, INC.",NA,"006069710","BADGER METER, INC.","4545 W BROWN DEER RD","MILWAUKEE","WI","Wisconsin","532232413","05","For-Profit Organization,Manufacturer of Goods","MILWAUKEE","WI","Wisconsin","532232413","05","Firm Fixed Price",NA,NA,NA,NA,NA,NA,NA,NA,NA,NA,2018-09-27 16:43:27
NA,NA,"97AE","DEFENSE ADVANCED RESEARCH PROJECTS AGENCY  (DARPA)","HR0011","DEF ADVANCED RESEARCH PROJECTS AGCY","97AE","DEFENSE ADVANCED RESEARCH PROJECTS AGENCY  (DARPA)","HR0011","DEF ADVANCED RESEARCH PROJECTS AGCY","RAYTHEON COMPANY","001344142","RAYTHEON TECHNOLOGIES CORPORATION","For-Profit Organization,Manufacturer of Goods","15090 Tucson, AZ",857569367,"03","HYPERSONIC AIR BREAT","3969f7c16051e43a4663fc4a20da4d12",2021,10,"4201783801",47300,2018-08-15,2018,"006069710","BADGER METER, INC.",NA,"006069710","BADGER METER, INC.","4545 W BROWN DEER RD","MILWAUKEE","WI","Wisconsin","532232413","04","For-Profit Organization,Manufacturer of Goods","MILWAUKEE","WI","Wisconsin","532232413","04","Measuring Devices, NRE - Other.",NA,NA,NA,NA,NA,NA,NA,NA,NA,NA,2021-11-16 13:35:00
NA,NA,"97AE","DEFENSE ADVANCED RESEARCH PROJECTS AGENCY  (DARPA)","HR0011","DEF ADVANCED RESEARCH PROJECTS AGCY","97AE","DEFENSE ADVANCED RESEARCH PROJECTS AGENCY  (DARPA)","HR0011","DEF ADVANCED RESEARCH PROJECTS AGCY","RAYTHEON COMPANY","001344142","RAYTHEON TECHNOLOGIES CORPORATION",NA,"15090 Tucson, AZ",857569367,"03","HYPERSONIC AIR BREAT","9cc566b9e1dd74484ffd626aba55c80e",2020,10,"4201783801",47300,2018-08-15,2018,"006069710","BADGER METER, INC.",NA,"006069710","BADGER METER, INC.","4545 W BROWN DEER RD","MILWAUKEE","WI","Wisconsin","532232413","05","For-Profit Organization,Manufacturer of Goods","MILWAUKEE","WI","Wisconsin","532232413","05","Measuring Devices, NRE - Other.",NA,NA,NA,NA,NA,NA,NA,NA,NA,NA,2020-11-17 10:56:12
NA,NA,"97AE","DEFENSE ADVANCED RESEARCH PROJECTS AGENCY  (DARPA)","HR0011","DEF ADVANCED RESEARCH PROJECTS AGCY","5700","DEPT OF THE AIR FORCE","F1TBPV","AFRL RWP","RAYTHEON COMPANY","001339159","RAYTHEON COMPANY",NA,"Tucson",857566100,"02","AMS: ADV PROGRAMS","7e300d5b9e9b4dca0d0fbe32d3a22138",2018,11,"4201845099",46830,2018-11-01,2019,"022463140","EMOTEQ CORPORATION",NA,"007067713","ALLIED MOTION TECHNOLOGIES INC.","10002 E 43RD ST S","TULSA","OK","Oklahoma","741463638","01","For-Profit Organization","TULSA","OK","Oklahoma","741463638","01","Firm Fixed Price",NA,NA,NA,NA,NA,NA,NA,NA,NA,NA,2018-12-14 17:39:50
NA,NA,"97AE","DEFENSE ADVANCED RESEARCH PROJECTS AGENCY  (DARPA)","HR0011","DEF ADVANCED RESEARCH PROJECTS AGCY","97AE","DEFENSE ADVANCED RESEARCH PROJECTS AGENCY  (DARPA)","HR0011","DEF ADVANCED RESEARCH PROJECTS AGCY","RAYTHEON COMPANY","001344142","RAYTHEON TECHNOLOGIES CORPORATION",NA,"15090 Tucson, AZ",857569367,"03","HYPERSONIC AIR BREAT","9cc566b9e1dd74484ffd626aba55c80e",2020,10,"4201845099",46830,2018-11-02,2019,"022463140","EMOTEQ CORPORATION",NA,"007067713","ALLIED MOTION TECHNOLOGIES INC.","10002 E 43RD ST S","TULSA","OK","Oklahoma","741463638","01","For-Profit Organization","Tulsa","OK","Oklahoma","741463657","01","Shafts.",NA,NA,NA,NA,NA,NA,NA,NA,NA,NA,2020-11-17 10:56:12
NA,NA,"97AE","DEFENSE ADVANCED RESEARCH PROJECTS AGENCY  (DARPA)","HR0011","DEF ADVANCED RESEARCH PROJECTS AGCY","97AE","DEFENSE ADVANCED RESEARCH PROJECTS AGENCY  (DARPA)","HR0011","DEF ADVANCED RESEARCH PROJECTS AGCY","RAYTHEON COMPANY","001339159","RAYTHEON COMPANY",NA,"Tucson",857566100,"02","AMS: ADV PROGRAMS","03b2184d5343366bc2fc8a6d433924b3",2018,10,"4201836833",46830,2018-10-22,2019,"181709775","GLOBE MOTORS, INC.","GLOBE MOTORS","007067713","ALLIED MOTION TECHNOLOGIES INC.","2275 STANLEY AVE","DAYTON","OH","Ohio","454041226","08","For-Profit Organization,Manufacturer of Goods","DAYTON","OH","Ohio","454041226","08","Firm Fixed Price",NA,NA,NA,NA,NA,NA,NA,NA,NA,NA,2018-11-28 15:00:52
NA,NA,"97AE","DEFENSE ADVANCED RESEARCH PROJECTS AGENCY  (DARPA)","HR0011","DEF ADVANCED RESEARCH PROJECTS AGCY","97AE","DEFENSE ADVANCED RESEARCH PROJECTS AGENCY  (DARPA)","HR0011","DEF ADVANCED RESEARCH PROJECTS AGCY","RAYTHEON COMPANY","001344142","RAYTHEON TECHNOLOGIES CORPORATION","For-Profit Organization,Manufacturer of Goods","15090 Tucson, AZ",857569367,"03","HYPERSONIC AIR BREAT","3969f7c16051e43a4663fc4a20da4d12",2021,10,"4202032681",46637,2019-08-21,2019,"058396268","ELEMENT MATERIALS TECHNOLOGY CINCINNATI INC.","Element","221303959","ELEMENT MATERIALS TECHNOLOGY GROUP LIMITED","3701 PORT UNION RD","FAIRFIELD","OH","Ohio","450142200","08","For-Profit Organization,Foreign Owned and Located","FAIRFIELD","OH","Ohio","450142200","08","Testing (Non-Prod).",NA,NA,NA,NA,NA,NA,NA,NA,NA,NA,2021-11-16 13:35:00
NA,NA,"97AE","DEFENSE ADVANCED RESEARCH PROJECTS AGENCY  (DARPA)","HR0011","DEF ADVANCED RESEARCH PROJECTS AGCY","97AE","DEFENSE ADVANCED RESEARCH PROJECTS AGENCY  (DARPA)","HR0011","DEF ADVANCED RESEARCH PROJECTS AGCY","RAYTHEON COMPANY","001344142","RAYTHEON TECHNOLOGIES CORPORATION",NA,"15090 Tucson, AZ",857569367,"03","HYPERSONIC AIR BREAT","9cc566b9e1dd74484ffd626aba55c80e",2020,10,"4202032681",46637,2019-08-21,2019,"058396268","ELEMENT MATERIALS TECHNOLOGY CINCINNATI INC.","Element","058396268","ELEMENT MATERIALS TECHNOLOGY CINCINNATI INC.","3701 PORT UNION RD","FAIRFIELD","OH","Ohio","450142200","08","For-Profit Organization,Foreign Owned and Located","FAIRFIELD","OH","Ohio","450142200","08","Testing (Non-Prod).",NA,NA,NA,NA,NA,NA,NA,NA,NA,NA,2020-11-17 10:56:12
"N: Emergency P.L. 116-136;Q: Excluded from tracking (uses non-emergency/non-disaster designated appropriations)",1105080.5,"97AE","DEFENSE ADVANCED RESEARCH PROJECTS AGENCY  (DARPA)","HR0011","DEF ADVANCED RESEARCH PROJECTS AGCY","97AE","DEFENSE ADVANCED RESEARCH PROJECTS AGENCY  (DARPA)","HR0011","DEF ADVANCED RESEARCH PROJECTS AGCY","RAYTHEON COMPANY","001344142","RAYTHEON TECHNOLOGIES CORPORATION",NA,"15090 Tucson, AZ",857569367,"03","HYPERSONIC AIR BREAT","af1f56ca295aaaef97fd7f721acab5ee",2021,1,"4202358297",46428,2021-01-20,2021,"045102274","DUCOMMUN LABARGE TECHNOLOGIES, INC.",NA,"006907042","Ducommun Incorporated","1505 S MAIDEN LN","JOPLIN","MO","Missouri","648013819","07","For-Profit Organization,Manufacturer of Goods","JOPLIN","MO","Missouri","648013819","07","CableAssy&HarnMulti.",NA,NA,NA,NA,NA,NA,NA,NA,NA,NA,2021-02-17 14:46:19
NA,NA,"97AE","DEFENSE ADVANCED RESEARCH PROJECTS AGENCY  (DARPA)","HR0011","DEF ADVANCED RESEARCH PROJECTS AGCY","97AE","DEFENSE ADVANCED RESEARCH PROJECTS AGENCY  (DARPA)","HR0011","DEF ADVANCED RESEARCH PROJECTS AGCY","RAYTHEON COMPANY","001344142","RAYTHEON TECHNOLOGIES CORPORATION","For-Profit Organization,Manufacturer of Goods","15090 Tucson, AZ",857569367,"03","HYPERSONIC AIR BREAT","3969f7c16051e43a4663fc4a20da4d12",2021,10,"4201630570",45100,2017-11-28,2018,"117474014","BAE SYSTEMS INFORMATION AND ELECTRONIC SYSTEMS INTEGRATION INC.","BAE SYSTEMS NAVIGATION AND SENSOR SYSTEMS","217304393","BAE SYSTEMS PLC","1120 DEPOT LN SE STE 100","CEDAR RAPIDS","IA","Iowa","524012547","01","For-Profit Organization,Manufacturer of Goods","CEDAR RAPIDS","IA","Iowa","524980505","01","GPS Receivers.","Alice  Eldridge",983165,"Michelle  Murphy",907628,"Thomas  Arseneault",2853284,"Scott  Howat",1216573,"Terence  Crimmins",1077127,2021-11-16 13:35:00
NA,NA,"97AE","DEFENSE ADVANCED RESEARCH PROJECTS AGENCY  (DARPA)","HR0011","DEF ADVANCED RESEARCH PROJECTS AGCY","97AE","DEFENSE ADVANCED RESEARCH PROJECTS AGENCY  (DARPA)","HR0011","DEF ADVANCED RESEARCH PROJECTS AGCY","RAYTHEON COMPANY","001344142","RAYTHEON TECHNOLOGIES CORPORATION",NA,"15090 Tucson, AZ",857569367,"03","HYPERSONIC AIR BREAT","9cc566b9e1dd74484ffd626aba55c80e",2020,10,"4201630570",45100,2017-11-28,2018,"117474014","BAE SYSTEMS INFORMATION AND ELECTRONIC SYSTEMS INTEGRATION INC.","BAE SYSTEMS NAVIGATION AND SENSOR SYSTEMS","217304393","BAE SYSTEMS PLC","1120 DEPOT LN SE STE 100","CEDAR RAPIDS","IA","Iowa","524012547","01","For-Profit Organization","CEDAR RAPIDS","IA","Iowa","524980505","02","GPS Receivers.",NA,NA,NA,NA,NA,NA,NA,NA,NA,NA,2020-11-17 10:56:12
NA,NA,"97AE","DEFENSE ADVANCED RESEARCH PROJECTS AGENCY  (DARPA)","HR0011","DEF ADVANCED RESEARCH PROJECTS AGCY","97AE","DEFENSE ADVANCED RESEARCH PROJECTS AGENCY  (DARPA)","HR0011","DEF ADVANCED RESEARCH PROJECTS AGCY","RAYTHEON COMPANY","001344142","RAYTHEON TECHNOLOGIES CORPORATION",NA,"15090 Tucson, AZ",857569367,"03","HYPERSONIC AIR BREAT","9cc566b9e1dd74484ffd626aba55c80e",2020,10,"4202174060",44273,2020-03-20,2020,"045017675","VENTURA AEROSPACE, INC.",NA,NA,NA,"31355 AGOURA RD","WESTLAKE VILLAGE","CA","California","913614610","30","For-Profit Organization,S Corporation","WESTLAKE VILLAGE","CA","California","913614610","30","Major Assemblies.",NA,NA,NA,NA,NA,NA,NA,NA,NA,NA,2020-11-17 10:56:12
NA,NA,"97AE","DEFENSE ADVANCED RESEARCH PROJECTS AGENCY  (DARPA)","HR0011","DEF ADVANCED RESEARCH PROJECTS AGCY","97AE","DEFENSE ADVANCED RESEARCH PROJECTS AGENCY  (DARPA)","HR0011","DEF ADVANCED RESEARCH PROJECTS AGCY","RAYTHEON COMPANY","001344142","RAYTHEON TECHNOLOGIES CORPORATION","For-Profit Organization,Manufacturer of Goods","15090 Tucson, AZ",857569367,"03","HYPERSONIC AIR BREAT","3969f7c16051e43a4663fc4a20da4d12",2021,10,"4202174060",44273,2020-03-20,2020,"045017675","VENTURA AEROSPACE, INC.",NA,NA,NA,"31355 AGOURA RD","WESTLAKE VILLAGE","CA","California","913614610","26","For-Profit Organization,S Corporation","WESTLAKE VILLAGE","CA","California","913614610","26","Major Assemblies.",NA,NA,NA,NA,NA,NA,NA,NA,NA,NA,2021-11-16 13:35:00
NA,NA,"97AE","DEFENSE ADVANCED RESEARCH PROJECTS AGENCY  (DARPA)","HR0011","DEF ADVANCED RESEARCH PROJECTS AGCY","97AE","DEFENSE ADVANCED RESEARCH PROJECTS AGENCY  (DARPA)","HR0011","DEF ADVANCED RESEARCH PROJECTS AGCY","RAYTHEON COMPANY","001344142","RAYTHEON TECHNOLOGIES CORPORATION","For-Profit Organization,Manufacturer of Goods","15090 Tucson, AZ",857569367,"03","HYPERSONIC AIR BREAT","3969f7c16051e43a4663fc4a20da4d12",2021,10,"4201922874",42940,2019-02-27,2019,"831282715","SPARTRONICS LOGAN, LLC",NA,"117651592","Ems Holdco, Inc.","750 EAST 1600 N","NORTH LOGAN","UT","Utah","843414103","01","For-Profit Organization,S Corporation","NORTH LOGAN","UT","Utah","843414103","01","Integrtd Electr Assy, NRE - Data Items.",NA,NA,NA,NA,NA,NA,NA,NA,NA,NA,2021-11-16 13:35:00
NA,NA,"97AE","DEFENSE ADVANCED RESEARCH PROJECTS AGENCY  (DARPA)","HR0011","DEF ADVANCED RESEARCH PROJECTS AGCY","97AE","DEFENSE ADVANCED RESEARCH PROJECTS AGENCY  (DARPA)","HR0011","DEF ADVANCED RESEARCH PROJECTS AGCY","RAYTHEON COMPANY","001339159","RAYTHEON COMPANY",NA,"Tucson",857566100,"02","AMS: ADV PROGRAMS","c5058a5fb384bb4dce6b6c8271869ac9",2018,9,"4201806259",42463,2018-09-06,2018,"959852161","A. P. I. INCORPORATED","ANEWCO PRODUCTS",NA,NA,"1800 S RESEARCH LOOP","TUCSON","AZ","Arizona","857106759","08","For-Profit Organization,S Corporation,Veteran Owned Business","TUCSON","AZ","Arizona","857106759","08","Firm Fixed Price",NA,NA,NA,NA,NA,NA,NA,NA,NA,NA,2018-10-24 16:52:49
NA,NA,"97AE","DEFENSE ADVANCED RESEARCH PROJECTS AGENCY  (DARPA)","HR0011","DEF ADVANCED RESEARCH PROJECTS AGCY","5700","DEPT OF THE AIR FORCE","F4FRQH","AFRL RQH         HIGH SPEED SYS DIV","RAYTHEON COMPANY","001339159","RAYTHEON COMPANY",NA,"Tucson",857566100,"02","AMS: ADV PROGRAMS","8288f670d571716168cc410b943b5d04",2017,10,"4201594847",41970,2017-10-02,2018,"044239754","STANLEY MACHINING & TOOL CORP.",NA,"044239754","STANLEY MACHINING & TOOL CORP.","425 MAPLE AVE","CARPENTERSVILLE","IL","Illinois","601101939","14","For-Profit Organization,Manufacturer of Goods,Woman-Owned Business","CARPENTERSVILLE","IL","Illinois","601101939","14","Firm Fixed Price",NA,NA,NA,NA,NA,NA,NA,NA,NA,NA,2017-11-29 17:44:48
NA,NA,"97AE","DEFENSE ADVANCED RESEARCH PROJECTS AGENCY  (DARPA)","HR0011","DEF ADVANCED RESEARCH PROJECTS AGCY","97AE","DEFENSE ADVANCED RESEARCH PROJECTS AGENCY  (DARPA)","HR0011","DEF ADVANCED RESEARCH PROJECTS AGCY","RAYTHEON COMPANY","001344142","RAYTHEON TECHNOLOGIES CORPORATION","For-Profit Organization,Manufacturer of Goods","15090 Tucson, AZ",857569367,"03","HYPERSONIC AIR BREAT","3969f7c16051e43a4663fc4a20da4d12",2021,10,"4201307555",41145,2016-06-07,2016,"043570142","L3 TECHNOLOGIES, INC.","L3 TELEMETRY & RF PRODUCTS","004203337","L3HARRIS TECHNOLOGIES, INC.","1515 GRUNDY'S LN","BRISTOL","PA","Pennsylvania","190071506","01","For-Profit Organization,Manufacturer of Goods","BRISTOL","PA","Pennsylvania","190071506","01","Encoders.",NA,NA,NA,NA,NA,NA,NA,NA,NA,NA,2021-11-16 13:35:00
NA,NA,"97AE","DEFENSE ADVANCED RESEARCH PROJECTS AGENCY  (DARPA)","HR0011","DEF ADVANCED RESEARCH PROJECTS AGCY","97AE","DEFENSE ADVANCED RESEARCH PROJECTS AGENCY  (DARPA)","HR0011","DEF ADVANCED RESEARCH PROJECTS AGCY","RAYTHEON COMPANY","001344142","RAYTHEON TECHNOLOGIES CORPORATION",NA,"15090 Tucson, AZ",857569367,"03","HYPERSONIC AIR BREAT","9cc566b9e1dd74484ffd626aba55c80e",2020,10,"4201307555",41145,2016-06-07,2016,"043570142","L3 TECHNOLOGIES, INC.","L3 TELEMETRY & RF PRODUCTS","004203337","L3HARRIS TECHNOLOGIES, INC.","1515 GRUNDY'S LN","BRISTOL","PA","Pennsylvania","190071506","08","For-Profit Organization,Manufacturer of Goods","BRISTOL","PA","Pennsylvania","190071506","08","Encoders.",NA,NA,NA,NA,NA,NA,NA,NA,NA,NA,2020-11-17 10:56:12
NA,NA,"97AE","DEFENSE ADVANCED RESEARCH PROJECTS AGENCY  (DARPA)","HR0011","DEF ADVANCED RESEARCH PROJECTS AGCY","97AE","DEFENSE ADVANCED RESEARCH PROJECTS AGENCY  (DARPA)","HR0011","DEF ADVANCED RESEARCH PROJECTS AGCY","RAYTHEON COMPANY","001344142","RAYTHEON TECHNOLOGIES CORPORATION","For-Profit Organization,Manufacturer of Goods","15090 Tucson, AZ",857569367,"03","HYPERSONIC AIR BREAT","3969f7c16051e43a4663fc4a20da4d12",2021,10,"4201706417",40618,2018-04-10,2018,"959852161","A. P. I. INCORPORATED","ANEWCO PRODUCTS",NA,NA,"1800 S RESEARCH LOOP","TUCSON","AZ","Arizona","857106759","08","For-Profit Organization,S Corporation,Veteran Owned Business","TUCSON","AZ","Arizona","857106711","02","Clamps, Washers.",NA,NA,NA,NA,NA,NA,NA,NA,NA,NA,2021-11-16 13:35:00
NA,NA,"97AE","DEFENSE ADVANCED RESEARCH PROJECTS AGENCY  (DARPA)","HR0011","DEF ADVANCED RESEARCH PROJECTS AGCY","97AE","DEFENSE ADVANCED RESEARCH PROJECTS AGENCY  (DARPA)","HR0011","DEF ADVANCED RESEARCH PROJECTS AGCY","RAYTHEON COMPANY","001344142","RAYTHEON TECHNOLOGIES CORPORATION",NA,"15090 Tucson, AZ",857569367,"03","HYPERSONIC AIR BREAT","9cc566b9e1dd74484ffd626aba55c80e",2020,10,"4201706417",40618,2018-04-10,2018,"959852161","A. P. I. INCORPORATED","ANEWCO PRODUCTS",NA,NA,"1800 S RESEARCH LOOP","TUCSON","AZ","Arizona","857106759","08","For-Profit Organization,S Corporation,Veteran Owned Business","TUCSON","AZ","Arizona","857106711","08","Clamps, Washers.",NA,NA,NA,NA,NA,NA,NA,NA,NA,NA,2020-11-17 10:56:12
NA,NA,"97AE","DEFENSE ADVANCED RESEARCH PROJECTS AGENCY  (DARPA)","HR0011","DEF ADVANCED RESEARCH PROJECTS AGCY","97AE","DEFENSE ADVANCED RESEARCH PROJECTS AGENCY  (DARPA)","HR0011","DEF ADVANCED RESEARCH PROJECTS AGCY","RAYTHEON COMPANY","001344142","RAYTHEON TECHNOLOGIES CORPORATION",NA,"15090 Tucson, AZ",857569367,"03","HYPERSONIC AIR BREAT","9cc566b9e1dd74484ffd626aba55c80e",2020,10,"4201951672",40261,2019-04-17,2019,"042568774","PCB PIEZOTRONICS, INC.","IMI SENSORS","006452312","MTS SYSTEMS CORPORATION","3425 WALDEN AVE","DEPEW","NY","New York","140432417","26","For-Profit Organization,Manufacturer of Goods","DEPEW","NY","New York","140432495","26","Accelerometers, CableMulticonductor.",NA,NA,NA,NA,NA,NA,NA,NA,NA,NA,2020-11-17 10:56:12
"N: Emergency P.L. 116-136;Q: Excluded from tracking (uses non-emergency/non-disaster designated appropriations)",1105080.5,"97AE","DEFENSE ADVANCED RESEARCH PROJECTS AGENCY  (DARPA)","HR0011","DEF ADVANCED RESEARCH PROJECTS AGCY","97AE","DEFENSE ADVANCED RESEARCH PROJECTS AGENCY  (DARPA)","HR0011","DEF ADVANCED RESEARCH PROJECTS AGCY","RAYTHEON COMPANY","001344142","RAYTHEON TECHNOLOGIES CORPORATION",NA,"15090 Tucson, AZ",857569367,"03","HYPERSONIC AIR BREAT","123b0b397fbdde290b064b51050cf91f",2021,6,"4202441583",39096,2021-06-09,2021,"045102274","DUCOMMUN LABARGE TECHNOLOGIES, INC.",NA,"006907042","Ducommun Incorporated","1505 S MAIDEN LN","JOPLIN","MO","Missouri","648013819","07","For-Profit Organization,Manufacturer of Goods","JOPLIN","MO","Missouri","648013819","07","CableAssy&HarnMulti.",NA,NA,NA,NA,NA,NA,NA,NA,NA,NA,2021-07-27 13:53:23
"N: Emergency P.L. 116-136;Q: Excluded from tracking (uses non-emergency/non-disaster designated appropriations)",1105080.5,"97AE","DEFENSE ADVANCED RESEARCH PROJECTS AGENCY  (DARPA)","HR0011","DEF ADVANCED RESEARCH PROJECTS AGCY","1700","DEPT OF THE NAVY","N00014","OFFICE OF NAVAL RESEARCH","RAYTHEON COMPANY","001339159","RAYTHEON COMPANY",NA,"15090 Tucson, AZ",857569367,"03","HYPERSONIC AIR BREAT","d41c7900eaac37445439ee2bdbebf648",2020,6,"4202233284",38762,2020-06-16,2020,"006820633","CAID INDUSTRIES, INC",NA,"200427748","Samuel, Son & Co., Limited","2275 E GANLEY RD","TUCSON","AZ","Arizona","857064550","07","For-Profit Organization,Foreign Owned and Located,Manufacturer of Goods","TUCSON","AZ","Arizona","857064550","07","Machine Shop Work.",NA,NA,NA,NA,NA,NA,NA,NA,NA,NA,2020-07-13 15:47:50
"N: Emergency P.L. 116-136;Q: Excluded from tracking (uses non-emergency/non-disaster designated appropriations)",1105080.5,"97AE","DEFENSE ADVANCED RESEARCH PROJECTS AGENCY  (DARPA)","HR0011","DEF ADVANCED RESEARCH PROJECTS AGCY","1700","DEPT OF THE NAVY","N00014","OFFICE OF NAVAL RESEARCH","RAYTHEON COMPANY","001339159","RAYTHEON COMPANY",NA,"15090 Tucson, AZ",857569367,"03","HYPERSONIC AIR BREAT","d41c7900eaac37445439ee2bdbebf648",2020,6,"4202233284",38762,2020-06-16,2020,"006820633","CAID INDUSTRIES, INC",NA,"200427748","Samuel, Son & Co., Limited","2275 E GANLEY RD","TUCSON","AZ","Arizona","857064550","07","For-Profit Organization,Foreign Owned and Located,Manufacturer of Goods","TUCSON","AZ","Arizona","857064550","07","Machine Shop Work.",NA,NA,NA,NA,NA,NA,NA,NA,NA,NA,2020-07-13 15:47:50
NA,NA,"97AE","DEFENSE ADVANCED RESEARCH PROJECTS AGENCY  (DARPA)","HR0011","DEF ADVANCED RESEARCH PROJECTS AGCY","5700","DEPT OF THE AIR FORCE","F1TBPV","AFRL RWP","RAYTHEON COMPANY","001339159","RAYTHEON COMPANY",NA,"Tucson",857566100,"02","AMS: ADV PROGRAMS","4643691999254897739023b0ad79a285",2018,12,"4201882310",35300,2018-12-20,2019,"959852161","A. P. I. INCORPORATED","ANEWCO PRODUCTS",NA,NA,"1800 S RESEARCH LOOP","TUCSON","AZ","Arizona","857106759","08","For-Profit Organization,S Corporation,Veteran Owned Business","TUCSON","AZ","Arizona","857106759","08","Firm Fixed Price",NA,NA,NA,NA,NA,NA,NA,NA,NA,NA,2019-01-11 18:13:05
NA,NA,"97AE","DEFENSE ADVANCED RESEARCH PROJECTS AGENCY  (DARPA)","HR0011","DEF ADVANCED RESEARCH PROJECTS AGCY","97AE","DEFENSE ADVANCED RESEARCH PROJECTS AGENCY  (DARPA)","HR0011","DEF ADVANCED RESEARCH PROJECTS AGCY","RAYTHEON COMPANY","001344142","RAYTHEON TECHNOLOGIES CORPORATION",NA,"15090 Tucson, AZ",857569367,"03","HYPERSONIC AIR BREAT","9cc566b9e1dd74484ffd626aba55c80e",2020,10,"4201897687",34429,2019-01-25,2019,"131810918","PROMAT INC","Microtherm","282765320","Etex","1731 FRED LAWSON RD","MARYVILLE","TN","Tennessee","378015806","02","For-Profit Organization,Foreign Owned and Located,Manufacturer of Goods","MARYVILLE","TN","Tennessee","378015806","02","Composites.",NA,NA,NA,NA,NA,NA,NA,NA,NA,NA,2020-11-17 10:56:12
NA,NA,"97AE","DEFENSE ADVANCED RESEARCH PROJECTS AGENCY  (DARPA)","HR0011","DEF ADVANCED RESEARCH PROJECTS AGCY","97AE","DEFENSE ADVANCED RESEARCH PROJECTS AGENCY  (DARPA)","HR0011","DEF ADVANCED RESEARCH PROJECTS AGCY","RAYTHEON COMPANY","001344142","RAYTHEON TECHNOLOGIES CORPORATION","For-Profit Organization,Manufacturer of Goods","15090 Tucson, AZ",857569367,"03","HYPERSONIC AIR BREAT","3969f7c16051e43a4663fc4a20da4d12",2021,10,"4201897687",34429,2019-01-25,2019,"131810918","PROMAT INC","Microtherm","282765320","Etex","1731 FRED LAWSON RD","MARYVILLE","TN","Tennessee","378015806","02","For-Profit Organization,Foreign Owned and Located,Manufacturer of Goods","MARYVILLE","TN","Tennessee","378015806","02","Composites.",NA,NA,NA,NA,NA,NA,NA,NA,NA,NA,2021-11-16 13:35:00
NA,NA,"97AE","DEFENSE ADVANCED RESEARCH PROJECTS AGENCY  (DARPA)","HR0011","DEF ADVANCED RESEARCH PROJECTS AGCY","97AE","DEFENSE ADVANCED RESEARCH PROJECTS AGENCY  (DARPA)","HR0011","DEF ADVANCED RESEARCH PROJECTS AGCY","RAYTHEON COMPANY","001344142","RAYTHEON TECHNOLOGIES CORPORATION","For-Profit Organization,Manufacturer of Goods","15090 Tucson, AZ",857569367,"03","HYPERSONIC AIR BREAT","3969f7c16051e43a4663fc4a20da4d12",2021,10,"4201951672",33520,2019-04-17,2019,"042568774","PCB PIEZOTRONICS, INC.","IMI SENSORS","177220647","AMPHENOL CORPORATION","3425 WALDEN AVE","DEPEW","NY","New York","140432417","27","For-Profit Organization,Manufacturer of Goods","DEPEW","NY","New York","140432417","27","Accelerometers, CableMulticonductor.",NA,NA,NA,NA,NA,NA,NA,NA,NA,NA,2021-11-16 13:35:00
NA,NA,"97AE","DEFENSE ADVANCED RESEARCH PROJECTS AGENCY  (DARPA)","HR0011","DEF ADVANCED RESEARCH PROJECTS AGCY","97AE","DEFENSE ADVANCED RESEARCH PROJECTS AGENCY  (DARPA)","HR0011","DEF ADVANCED RESEARCH PROJECTS AGCY","RAYTHEON COMPANY","001344142","RAYTHEON TECHNOLOGIES CORPORATION",NA,"15090 Tucson, AZ",857569367,"03","HYPERSONIC AIR BREAT","9cc566b9e1dd74484ffd626aba55c80e",2020,10,"4202163531",33313,2020-03-03,2020,"020544636","PRAXIS RESOURCES INC.",NA,NA,NA,"2085 S BLUE JAY DR STE 101","GILBERT","AZ","Arizona","852955895","06","For-Profit Organization","GILBERT","AZ","Arizona","852955895","06","Wire Cable.",NA,NA,NA,NA,NA,NA,NA,NA,NA,NA,2020-11-17 10:56:12
NA,NA,"97AE","DEFENSE ADVANCED RESEARCH PROJECTS AGENCY  (DARPA)","HR0011","DEF ADVANCED RESEARCH PROJECTS AGCY","97AE","DEFENSE ADVANCED RESEARCH PROJECTS AGENCY  (DARPA)","HR0011","DEF ADVANCED RESEARCH PROJECTS AGCY","RAYTHEON COMPANY","001344142","RAYTHEON TECHNOLOGIES CORPORATION","For-Profit Organization,Manufacturer of Goods","15090 Tucson, AZ",857569367,"03","HYPERSONIC AIR BREAT","3969f7c16051e43a4663fc4a20da4d12",2021,10,"4202163531",33313,2020-03-03,2020,"020544636","PRAXIS RESOURCES INC.",NA,NA,NA,"2085 S BLUE JAY DR STE 101","GILBERT","AZ","Arizona","852955895","05","For-Profit Organization","GILBERT","AZ","Arizona","852955895","05","Wire Cable.",NA,NA,NA,NA,NA,NA,NA,NA,NA,NA,2021-11-16 13:35:00
NA,NA,"97AE","DEFENSE ADVANCED RESEARCH PROJECTS AGENCY  (DARPA)","HR0011","DEF ADVANCED RESEARCH PROJECTS AGCY","5700","DEPT OF THE AIR FORCE","F1TBPV","AFRL RWP","RAYTHEON COMPANY","001339159","RAYTHEON COMPANY",NA,"Tucson",857566100,"02","AMS: ADV PROGRAMS","0aa44d99040d2bd25dfbb456d82a4dd5",2018,4,"4201697620",32304,2018-03-23,2018,"154827786","HI-TECH MACHINING & ENGINEERING, L.L.C.",NA,NA,NA,"1075 EAST WIEDING RD","TUCSON","AZ","Arizona","857066039","07","For-Profit Organization,Manufacturer of Goods,SBA Certified Hub Zone Firm","TUCSON","AZ","Arizona","857066039","07","Firm Fixed Price",NA,NA,NA,NA,NA,NA,NA,NA,NA,NA,2018-05-29 19:33:11
NA,NA,"97AE","DEFENSE ADVANCED RESEARCH PROJECTS AGENCY  (DARPA)","HR0011","DEF ADVANCED RESEARCH PROJECTS AGCY","5700","DEPT OF THE AIR FORCE","F1TBPV","AFRL RWP","RAYTHEON COMPANY","001339159","RAYTHEON COMPANY",NA,"Tucson",857566100,"02","AMS: ADV PROGRAMS","4643691999254897739023b0ad79a285",2018,12,"4201878895",32105,2018-12-17,2019,"102814464","PARALLEL VENTURES, INC.",NA,NA,NA,"3556 E 42ND STRA","TUCSON","AZ","Arizona","857136811","07","For-Profit Organization,Manufacturer of Goods,Woman-Owned Business","TUCSON","AZ","Arizona","857136811","07","Firm Fixed Price",NA,NA,NA,NA,NA,NA,NA,NA,NA,NA,2019-01-11 18:13:05
"N: Emergency P.L. 116-136;Q: Excluded from tracking (uses non-emergency/non-disaster designated appropriations)",1105080.5,"97AE","DEFENSE ADVANCED RESEARCH PROJECTS AGENCY  (DARPA)","HR0011","DEF ADVANCED RESEARCH PROJECTS AGCY","97AE","DEFENSE ADVANCED RESEARCH PROJECTS AGENCY  (DARPA)","HR0011","DEF ADVANCED RESEARCH PROJECTS AGCY","RAYTHEON COMPANY","001344142","RAYTHEON TECHNOLOGIES CORPORATION","For-Profit Organization,Manufacturer of Goods","15090 Tucson, AZ",857569367,"03","HYPERSONIC AIR BREAT","3969f7c16051e43a4663fc4a20da4d12",2021,10,"4202183045",31846,2020-04-30,2020,"008975880","L3 TECHNOLOGIES, INC.","L-3 TELEMETRY & RF PRODUCTS","004203337","L3HARRIS TECHNOLOGIES, INC.","9020 BALBOA AVE","SAN DIEGO","CA","California","921231510","52","For-Profit Organization,Manufacturer of Goods","SAN DIEGO","CA","California","921231510","52","Encoders.",NA,NA,NA,NA,NA,NA,NA,NA,NA,NA,2021-11-16 13:35:00
"N: Emergency P.L. 116-136;Q: Excluded from tracking (uses non-emergency/non-disaster designated appropriations)",1105080.5,"97AE","DEFENSE ADVANCED RESEARCH PROJECTS AGENCY  (DARPA)","HR0011","DEF ADVANCED RESEARCH PROJECTS AGCY","97AE","DEFENSE ADVANCED RESEARCH PROJECTS AGENCY  (DARPA)","HR0011","DEF ADVANCED RESEARCH PROJECTS AGCY","RAYTHEON COMPANY","001344142","RAYTHEON TECHNOLOGIES CORPORATION",NA,"15090 Tucson, AZ",857569367,"03","HYPERSONIC AIR BREAT","9cc566b9e1dd74484ffd626aba55c80e",2020,10,"4202183045",31846,2020-04-30,2020,"008975880","L3 TECHNOLOGIES, INC.","L-3 TELEMETRY & RF PRODUCTS","004203337","L3HARRIS TECHNOLOGIES, INC.","9020 BALBOA AVE","SAN DIEGO","CA","California","921231510","52","For-Profit Organization,Manufacturer of Goods","SAN DIEGO","CA","California","921231510","52","Encoders.",NA,NA,NA,NA,NA,NA,NA,NA,NA,NA,2020-11-17 10:56:12
NA,NA,"97AE","DEFENSE ADVANCED RESEARCH PROJECTS AGENCY  (DARPA)","HR0011","DEF ADVANCED RESEARCH PROJECTS AGCY","97AE","DEFENSE ADVANCED RESEARCH PROJECTS AGENCY  (DARPA)","HR0011","DEF ADVANCED RESEARCH PROJECTS AGCY","RAYTHEON COMPANY","001344142","RAYTHEON TECHNOLOGIES CORPORATION","For-Profit Organization,Manufacturer of Goods","15090 Tucson, AZ",857569367,"03","HYPERSONIC AIR BREAT","3969f7c16051e43a4663fc4a20da4d12",2021,10,"4201878895",31661,2018-12-18,2019,"102814464","PARALLEL VENTURES, INC.",NA,NA,NA,"3556 E 42ND STRA","TUCSON","AZ","Arizona","857136811","03","For-Profit Organization,Manufacturer of Goods","TUCSON","AZ","Arizona","857136811","03","Clamps, Non-complex Machined, Protect&Dust Covers.",NA,NA,NA,NA,NA,NA,NA,NA,NA,NA,2021-11-16 13:35:00
NA,NA,"97AE","DEFENSE ADVANCED RESEARCH PROJECTS AGENCY  (DARPA)","HR0011","DEF ADVANCED RESEARCH PROJECTS AGCY","97AE","DEFENSE ADVANCED RESEARCH PROJECTS AGENCY  (DARPA)","HR0011","DEF ADVANCED RESEARCH PROJECTS AGCY","RAYTHEON COMPANY","001344142","RAYTHEON TECHNOLOGIES CORPORATION",NA,"15090 Tucson, AZ",857569367,"03","HYPERSONIC AIR BREAT","9cc566b9e1dd74484ffd626aba55c80e",2020,10,"4201878895",31661,2018-12-18,2019,"102814464","PARALLEL VENTURES, INC.",NA,NA,NA,"3556 E 42ND STRA","TUCSON","AZ","Arizona","857136811","07","For-Profit Organization,Manufacturer of Goods,Woman-Owned Business","TUCSON","AZ","Arizona","857136811","07","Clamps, Non-complex Machined, Protect&Dust Covers.",NA,NA,NA,NA,NA,NA,NA,NA,NA,NA,2020-11-17 10:56:12
NA,NA,"97AE","DEFENSE ADVANCED RESEARCH PROJECTS AGENCY  (DARPA)","HR0011","DEF ADVANCED RESEARCH PROJECTS AGCY","97AE","DEFENSE ADVANCED RESEARCH PROJECTS AGENCY  (DARPA)","HR0011","DEF ADVANCED RESEARCH PROJECTS AGCY","RAYTHEON COMPANY","001344142","RAYTHEON TECHNOLOGIES CORPORATION","For-Profit Organization,Manufacturer of Goods","15090 Tucson, AZ",857569367,"03","HYPERSONIC AIR BREAT","3969f7c16051e43a4663fc4a20da4d12",2021,10,"4201806259",31500,2018-09-07,2018,"959852161","A. P. I. INCORPORATED","ANEWCO PRODUCTS",NA,NA,"1800 S RESEARCH LOOP","TUCSON","AZ","Arizona","857106759","08","For-Profit Organization,S Corporation,Veteran Owned Business","TUCSON","AZ","Arizona","857106711","02","Non-complex Machined.",NA,NA,NA,NA,NA,NA,NA,NA,NA,NA,2021-11-16 13:35:00
NA,NA,"97AE","DEFENSE ADVANCED RESEARCH PROJECTS AGENCY  (DARPA)","HR0011","DEF ADVANCED RESEARCH PROJECTS AGCY","97AE","DEFENSE ADVANCED RESEARCH PROJECTS AGENCY  (DARPA)","HR0011","DEF ADVANCED RESEARCH PROJECTS AGCY","RAYTHEON COMPANY","001344142","RAYTHEON TECHNOLOGIES CORPORATION",NA,"15090 Tucson, AZ",857569367,"03","HYPERSONIC AIR BREAT","9cc566b9e1dd74484ffd626aba55c80e",2020,10,"4201806259",31500,2018-09-07,2018,"959852161","A. P. I. INCORPORATED","ANEWCO PRODUCTS",NA,NA,"1800 S RESEARCH LOOP","TUCSON","AZ","Arizona","857106759","08","For-Profit Organization,S Corporation,Veteran Owned Business","TUCSON","AZ","Arizona","857106711","08","Non-complex Machined.",NA,NA,NA,NA,NA,NA,NA,NA,NA,NA,2020-11-17 10:56:12
NA,NA,"97AE","DEFENSE ADVANCED RESEARCH PROJECTS AGENCY  (DARPA)","HR0011","DEF ADVANCED RESEARCH PROJECTS AGCY","97AE","DEFENSE ADVANCED RESEARCH PROJECTS AGENCY  (DARPA)","HR0011","DEF ADVANCED RESEARCH PROJECTS AGCY","RAYTHEON COMPANY","001344142","RAYTHEON TECHNOLOGIES CORPORATION","For-Profit Organization,Manufacturer of Goods","15090 Tucson, AZ",857569367,"03","HYPERSONIC AIR BREAT","3969f7c16051e43a4663fc4a20da4d12",2021,10,"4201998564",31429,2019-07-01,2019,"781085055","DIVERSIFIED TECHNICAL SYSTEMS, INC.",NA,"031178695","VISHAY PRECISION GROUP, INC.","1720 APOLLO CT","SEAL BEACH","CA","California","907405617","48","For-Profit Organization,Manufacturer of Goods","SEAL BEACH","CA","California","907405617","48","AC-DC Power Supplies, Adaptors, Backshells, CableAssy&HarnMulti, Chargers, Custom - Computer SW, Filter Pin Connector, Flex Assy(w/Connect), Lithium Batteries, Microprocessors.",NA,NA,NA,NA,NA,NA,NA,NA,NA,NA,2021-11-16 13:35:00
NA,NA,"97AE","DEFENSE ADVANCED RESEARCH PROJECTS AGENCY  (DARPA)","HR0011","DEF ADVANCED RESEARCH PROJECTS AGCY","97AE","DEFENSE ADVANCED RESEARCH PROJECTS AGENCY  (DARPA)","HR0011","DEF ADVANCED RESEARCH PROJECTS AGCY","RAYTHEON COMPANY","001344142","RAYTHEON TECHNOLOGIES CORPORATION",NA,"15090 Tucson, AZ",857569367,"03","HYPERSONIC AIR BREAT","9cc566b9e1dd74484ffd626aba55c80e",2020,10,"4201998564",31429,2019-07-01,2019,"781085055","DIVERSIFIED TECHNICAL SYSTEMS, INC.",NA,"781085055","DIVERSIFIED TECHNICAL SYSTEMS, INC.","1720 APOLLO CT","SEAL BEACH","CA","California","907405617","46","For-Profit Organization,Manufacturer of Goods,S Corporation","SEAL BEACH","CA","California","907405617","46","AC-DC Power Supplies, Adaptors, Backshells, CableAssy&HarnMulti, Chargers, Custom - Computer SW, Filter Pin Connector, Flex Assy(w/Connect), Lithium Batteries, Microprocessors.",NA,NA,NA,NA,NA,NA,NA,NA,NA,NA,2020-11-17 10:56:12
"N: Emergency P.L. 116-136;Q: Excluded from tracking (uses non-emergency/non-disaster designated appropriations)",1105080.5,"97AE","DEFENSE ADVANCED RESEARCH PROJECTS AGENCY  (DARPA)","HR0011","DEF ADVANCED RESEARCH PROJECTS AGCY","97AE","DEFENSE ADVANCED RESEARCH PROJECTS AGENCY  (DARPA)","HR0011","DEF ADVANCED RESEARCH PROJECTS AGCY","RAYTHEON COMPANY","001344142","RAYTHEON TECHNOLOGIES CORPORATION",NA,"15090 Tucson, AZ",857569367,"03","HYPERSONIC AIR BREAT","ca49696bc5fae4687067e07fda78cf3e",2021,5,"4202430353",31004,2021-05-20,2021,"016426298","DYTRAN INSTRUMENTS INC.",NA,NA,NA,"21592 MARILLA ST","CHATSWORTH","CA","California","913114137","30","For-Profit Organization,Manufacturer of Goods,S Corporation","CHATSWORTH","CA","California","913114137","30","Amplifiers.",NA,NA,NA,NA,NA,NA,NA,NA,NA,NA,2021-06-27 19:13:30
NA,NA,"97AE","DEFENSE ADVANCED RESEARCH PROJECTS AGENCY  (DARPA)","HR0011","DEF ADVANCED RESEARCH PROJECTS AGCY","97AE","DEFENSE ADVANCED RESEARCH PROJECTS AGENCY  (DARPA)","HR0011","DEF ADVANCED RESEARCH PROJECTS AGCY","RAYTHEON COMPANY","001344142","RAYTHEON TECHNOLOGIES CORPORATION","For-Profit Organization,Manufacturer of Goods","15090 Tucson, AZ",857569367,"03","HYPERSONIC AIR BREAT","3969f7c16051e43a4663fc4a20da4d12",2021,10,"4201932863",30940,2019-03-13,2019,"115022725","CICOIL, LLC",NA,NA,NA,"24960 AVE TIBBITTS","VALENCIA","CA","California","913553426","25","For-Profit Organization,Limited Liability Company,Manufacturer of Goods","VALENCIA","CA","California","913553426","25","CableAssy&HarnMulti, NRE - Other.",NA,NA,NA,NA,NA,NA,NA,NA,NA,NA,2021-11-16 13:35:00
NA,NA,"97AE","DEFENSE ADVANCED RESEARCH PROJECTS AGENCY  (DARPA)","HR0011","DEF ADVANCED RESEARCH PROJECTS AGCY","97AE","DEFENSE ADVANCED RESEARCH PROJECTS AGENCY  (DARPA)","HR0011","DEF ADVANCED RESEARCH PROJECTS AGCY","RAYTHEON COMPANY","001344142","RAYTHEON TECHNOLOGIES CORPORATION",NA,"15090 Tucson, AZ",857569367,"03","HYPERSONIC AIR BREAT","9cc566b9e1dd74484ffd626aba55c80e",2020,10,"4201932863",30940,2019-03-13,2019,"115022725","CICOIL, LLC",NA,NA,NA,"24960 AVE TIBBITTS","VALENCIA","CA","California","913553426","25","For-Profit Organization,Limited Liability Company,Manufacturer of Goods","VALENCIA","CA","California","913553426","25","CableAssy&HarnMulti, NRE - Other.",NA,NA,NA,NA,NA,NA,NA,NA,NA,NA,2020-11-17 10:56:12
NA,NA,"97AE","DEFENSE ADVANCED RESEARCH PROJECTS AGENCY  (DARPA)","HR0011","DEF ADVANCED RESEARCH PROJECTS AGCY","97AE","DEFENSE ADVANCED RESEARCH PROJECTS AGENCY  (DARPA)","HR0011","DEF ADVANCED RESEARCH PROJECTS AGCY","RAYTHEON COMPANY","001344142","RAYTHEON TECHNOLOGIES CORPORATION",NA,"15090 Tucson, AZ",857569367,"03","HYPERSONIC AIR BREAT","9cc566b9e1dd74484ffd626aba55c80e",2020,10,"4202098924",30325,2019-12-12,2020,"045017675","VENTURA AEROSPACE, INC.",NA,NA,NA,"31355 AGOURA RD","WESTLAKE VILLAGE","CA","California","913614610","30","For-Profit Organization,S Corporation","WESTLAKE VILLAGE","CA","California","913614610","30","Major Assemblies.",NA,NA,NA,NA,NA,NA,NA,NA,NA,NA,2020-11-17 10:56:12
NA,NA,"97AE","DEFENSE ADVANCED RESEARCH PROJECTS AGENCY  (DARPA)","HR0011","DEF ADVANCED RESEARCH PROJECTS AGCY","97AE","DEFENSE ADVANCED RESEARCH PROJECTS AGENCY  (DARPA)","HR0011","DEF ADVANCED RESEARCH PROJECTS AGCY","RAYTHEON COMPANY","001344142","RAYTHEON TECHNOLOGIES CORPORATION","For-Profit Organization,Manufacturer of Goods","15090 Tucson, AZ",857569367,"03","HYPERSONIC AIR BREAT","3969f7c16051e43a4663fc4a20da4d12",2021,10,"4202098924",30325,2019-12-12,2020,"045017675","VENTURA AEROSPACE, INC.",NA,NA,NA,"31355 AGOURA RD","WESTLAKE VILLAGE","CA","California","913614610","26","For-Profit Organization,S Corporation","WESTLAKE VILLAGE","CA","California","913614610","26","Major Assemblies.",NA,NA,NA,NA,NA,NA,NA,NA,NA,NA,2021-11-16 13:35:00
NA,NA,"97AE","DEFENSE ADVANCED RESEARCH PROJECTS AGENCY  (DARPA)","HR0011","DEF ADVANCED RESEARCH PROJECTS AGCY","5700","DEPT OF THE AIR FORCE","F1TBPV","AFRL RWP","RAYTHEON COMPANY","001339159","RAYTHEON COMPANY",NA,"Tucson",857566100,"02","AMS: ADV PROGRAMS","813c30bc44e1bea1e5e1ea73cf917ade",2018,6,"4201752577",30322,2018-06-14,2018,"959852161","A. P. I. INCORPORATED","ANEWCO PRODUCTS",NA,NA,"1800 S RESEARCH LOOP","TUCSON","AZ","Arizona","857106759","08","For-Profit Organization,S Corporation,Veteran Owned Business","TUCSON","AZ","Arizona","857106759","08","Firm Fixed Price",NA,NA,NA,NA,NA,NA,NA,NA,NA,NA,2018-07-09 19:26:13
NA,NA,"97AE","DEFENSE ADVANCED RESEARCH PROJECTS AGENCY  (DARPA)","HR0011","DEF ADVANCED RESEARCH PROJECTS AGCY","97AE","DEFENSE ADVANCED RESEARCH PROJECTS AGENCY  (DARPA)","HR0011","DEF ADVANCED RESEARCH PROJECTS AGCY","RAYTHEON COMPANY","001344142","RAYTHEON TECHNOLOGIES CORPORATION","For-Profit Organization,Manufacturer of Goods","15090 Tucson, AZ",857569367,"03","HYPERSONIC AIR BREAT","3969f7c16051e43a4663fc4a20da4d12",2021,10,"4201752577",30322,2018-08-22,2018,"959852161","A. P. I. INCORPORATED","ANEWCO PRODUCTS",NA,NA,"1800 S RESEARCH LOOP","TUCSON","AZ","Arizona","857106759","08","For-Profit Organization,S Corporation,Veteran Owned Business","TUCSON","AZ","Arizona","857106711","02","Test Equipment.",NA,NA,NA,NA,NA,NA,NA,NA,NA,NA,2021-11-16 13:35:00
NA,NA,"97AE","DEFENSE ADVANCED RESEARCH PROJECTS AGENCY  (DARPA)","HR0011","DEF ADVANCED RESEARCH PROJECTS AGCY","97AE","DEFENSE ADVANCED RESEARCH PROJECTS AGENCY  (DARPA)","HR0011","DEF ADVANCED RESEARCH PROJECTS AGCY","RAYTHEON COMPANY","001344142","RAYTHEON TECHNOLOGIES CORPORATION",NA,"15090 Tucson, AZ",857569367,"03","HYPERSONIC AIR BREAT","9cc566b9e1dd74484ffd626aba55c80e",2020,10,"4201752577",30322,2018-08-22,2018,"959852161","A. P. I. INCORPORATED","ANEWCO PRODUCTS",NA,NA,"1800 S RESEARCH LOOP","TUCSON","AZ","Arizona","857106759","08","For-Profit Organization,S Corporation,Veteran Owned Business","TUCSON","AZ","Arizona","857106711","08","Test Equipment.",NA,NA,NA,NA,NA,NA,NA,NA,NA,NA,2020-11-17 10:56:12
NA,NA,"97AE","DEFENSE ADVANCED RESEARCH PROJECTS AGENCY  (DARPA)","HR0011","DEF ADVANCED RESEARCH PROJECTS AGCY","5700","DEPT OF THE AIR FORCE","F1TBPV","AFRL RWP","RAYTHEON COMPANY","001339159","RAYTHEON COMPANY",NA,"Tucson",857566100,"02","AMS: ADV PROGRAMS","441300c7ccc1a1f9b076d845d9a3e3b5",2019,2,"4201906559",30276,2019-02-06,2019,"018481390","SHELLI INDUSTRIES LLC",NA,NA,NA,"4500 E SPEEDWAY STE 54","TUCSON","AZ","Arizona","857125320","08","For-Profit Organization,Limited Liability Company,Woman-Owned Business","TUCSON","AZ","Arizona","857125320","08","Firm Fixed Price",NA,NA,NA,NA,NA,NA,NA,NA,NA,NA,2019-03-14 19:42:09
NA,NA,"97AE","DEFENSE ADVANCED RESEARCH PROJECTS AGENCY  (DARPA)","HR0011","DEF ADVANCED RESEARCH PROJECTS AGCY","97AE","DEFENSE ADVANCED RESEARCH PROJECTS AGENCY  (DARPA)","HR0011","DEF ADVANCED RESEARCH PROJECTS AGCY","RAYTHEON COMPANY","001344142","RAYTHEON TECHNOLOGIES CORPORATION","For-Profit Organization,Manufacturer of Goods","15090 Tucson, AZ",857569367,"03","HYPERSONIC AIR BREAT","3969f7c16051e43a4663fc4a20da4d12",2021,10,"4201832943",30198,2019-01-21,2019,"788104334","EAGLEPICHER TECHNOLOGIES, LLC",NA,"788104334","EAGLEPICHER TECHNOLOGIES, LLC","1215 WEST C ST","JOPLIN","MO","Missouri","648012816","07","For-Profit Organization,Limited Liability Company,Manufacturer of Goods","JOPLIN","MO","Missouri","648012816","07","Lithium Batteries.","Richard  Hunter",616240,"Kurt  Bruenning",580340,"Chris  Huntington",445621,"Jon  Bagrosky",361566,"George  Cintra",359373,2021-11-16 13:35:00
NA,NA,"97AE","DEFENSE ADVANCED RESEARCH PROJECTS AGENCY  (DARPA)","HR0011","DEF ADVANCED RESEARCH PROJECTS AGCY","5700","DEPT OF THE AIR FORCE","F1TBPV","AFRL RWP","RAYTHEON COMPANY","001339159","RAYTHEON COMPANY",NA,"Tucson",857566100,"02","AMS: ADV PROGRAMS/RMS: NBI","7d49aa475ea0a5ae350c4e3158aa7e7a",2019,1,"4201897687",27515,2019-01-24,2019,"131810918","PROMAT INC","Microtherm","282765320","Etex","1731 FRED LAWSON RD","MARYVILLE","TN","Tennessee","378015806","02","Contracts and Grants,For-Profit Organization,Manufacturer of Goods","MARYVILLE","TN","Tennessee","378015806","02","Firm Fixed Price",NA,NA,NA,NA,NA,NA,NA,NA,NA,NA,2019-02-22 14:16:15
NA,NA,"97AE","DEFENSE ADVANCED RESEARCH PROJECTS AGENCY  (DARPA)","HR0011","DEF ADVANCED RESEARCH PROJECTS AGCY","5700","DEPT OF THE AIR FORCE","F1TBPV","AFRL RWP","RAYTHEON COMPANY","001339159","RAYTHEON COMPANY",NA,"Tucson",857566100,"02","AMS: ADV PROGRAMS/RMS: NBI","7d49aa475ea0a5ae350c4e3158aa7e7a",2019,1,"4201902860",25579,2019-01-31,2019,"039726455","NICOMATIC, L.P.",NA,"381999275","NICOMATIC","450 PROGRESS DR","HORSHAM","PA","Pennsylvania","190441300","13","For-Profit Organization,Foreign Owned and Located,Manufacturer of Goods,Self-Certified Small Disadvantaged Business","HORSHAM","PA","Pennsylvania","190441300","13","Firm Fixed Price",NA,NA,NA,NA,NA,NA,NA,NA,NA,NA,2019-02-22 14:16:15
NA,NA,"97AE","DEFENSE ADVANCED RESEARCH PROJECTS AGENCY  (DARPA)","HR0011","DEF ADVANCED RESEARCH PROJECTS AGCY","5700","DEPT OF THE AIR FORCE","F1TBPV","AFRL RWP","RAYTHEON COMPANY","001339159","RAYTHEON COMPANY",NA,"Tucson",857566100,"02","AMS: ADV PROGRAMS/RMS: NBI","7d49aa475ea0a5ae350c4e3158aa7e7a",2019,1,"4201902866",25579,2019-01-31,2019,"039726455","NICOMATIC, L.P.",NA,"381999275","NICOMATIC","450 PROGRESS DR","HORSHAM","PA","Pennsylvania","190441300","13","For-Profit Organization,Foreign Owned and Located,Manufacturer of Goods,Self-Certified Small Disadvantaged Business","HORSHAM","PA","Pennsylvania","190441300","13","Firm Fixed Price",NA,NA,NA,NA,NA,NA,NA,NA,NA,NA,2019-02-22 14:16:15
